# N1 7
# L 8.81945
# DELTAIN 0.09
# BETA 0.5
# MCTIME 3600000
# BTIME 10000
# THBIN 50
#
#
# *****THERMALIZATION*****
#
# ENERGY	VIRIAL	RHO
-3.39195	-5.13792	0.992347
-3.37858	-4.94466	0.982169
-3.37399	-4.81429	0.972899
-3.35809	-4.6061	0.960718
-3.33482	-4.38097	0.946214
-3.31605	-4.19458	0.937182
-3.28874	-3.93851	0.926368
-3.27725	-3.80664	0.919335
-3.2624	-3.68062	0.911326
-3.26753	-3.63655	0.901187
-3.2571	-3.51818	0.896384
-3.23619	-3.32657	0.891638
-3.21953	-3.16392	0.881465
-3.21933	-3.09559	0.872864
-3.21431	-3.01417	0.868155
-3.19232	-2.86177	0.863752
-3.15945	-2.67341	0.858741
-3.14574	-2.56934	0.85542
-3.1431	-2.50609	0.84937
-3.14191	-2.44104	0.84223
-3.11295	-2.21453	0.835646
-3.10078	-2.13098	0.828924
-3.08573	-2.03863	0.826054
-3.09044	-2.05955	0.826174
-3.09089	-2.06573	0.822882
-3.08667	-2.01242	0.818876
-3.09011	-1.99282	0.81037
-3.09264	-1.97785	0.804703
-3.08133	-1.86508	0.798036
-3.07084	-1.758	0.785915
-3.07674	-1.77493	0.779146
-3.05927	-1.68766	0.779161
-3.02656	-1.47771	0.775484
-3.04797	-1.58081	0.771639
-3.05476	-1.59717	0.764063
-3.06054	-1.59301	0.755372
-3.07258	-1.64708	0.750898
-3.07768	-1.67122	0.751088
-3.08748	-1.73042	0.749769
-3.08772	-1.71511	0.746573
-3.05918	-1.51235	0.740738
-3.06182	-1.50215	0.729338
-3.02651	-1.29181	0.721736
-3.02197	-1.22416	0.721462
-2.99563	-1.06579	0.720853
-2.96697	-0.905865	0.718261
-2.94926	-0.762053	0.709044
-2.94492	-0.720122	0.703743
-2.92686	-0.565239	0.706035
-2.92531	-0.490739	0.699496
-2.91053	-0.409395	0.692457
-2.89383	-0.295677	0.689476
-2.89837	-0.256024	0.687473
-2.92067	-0.3635	0.686827
-2.9265	-0.404953	0.687116
-2.95091	-0.54001	0.680746
-2.94527	-0.507183	0.673653
-2.94462	-0.5241	0.670952
-2.93538	-0.436628	0.665044
-2.93556	-0.42195	0.662482
-2.93424	-0.378347	0.661135
-2.96389	-0.522008	0.662129
-2.98756	-0.646283	0.657636
-3.01424	-0.817467	0.650828
-3.0038	-0.742342	0.644484
-3.00294	-0.701547	0.638245
-2.99358	-0.627669	0.633416
-2.99335	-0.636858	0.633427
-2.98869	-0.60137	0.631151
-2.97962	-0.57872	0.629867
-2.99777	-0.658406	0.629057
-3.01291	-0.673312	0.619122
-2.98427	-0.51838	0.608538
-2.99848	-0.584244	0.596405
-2.97122	-0.448997	0.587454
-2.9359	-0.282411	0.583946
-2.92779	-0.239085	0.57654
-2.96081	-0.362464	0.566981
-2.97725	-0.431287	0.561374
-2.99102	-0.486892	0.556851
-3.00171	-0.554464	0.556845
-3.00093	-0.575566	0.554699
-2.98919	-0.534241	0.554824
-2.99086	-0.527093	0.549418
-2.96255	-0.314517	0.552994
-2.95038	-0.222985	0.547099
-2.95374	-0.243562	0.54736
-2.96739	-0.309274	0.545045
-2.96492	-0.267352	0.536051
-2.96911	-0.317246	0.530414
-2.98944	-0.453078	0.521836
-2.97467	-0.360867	0.519252
-2.9657	-0.300836	0.5149
-2.96864	-0.261587	0.50775
-2.97056	-0.258527	0.505801
-2.95958	-0.203929	0.49919
-2.92052	-0.0230076	0.491527
-2.95871	-0.198165	0.487307
-2.96342	-0.174383	0.483638
-2.97593	-0.16984	0.482847
-2.98264	-0.15637	0.473953
-2.96235	-0.0588313	0.465867
-2.94783	0.0362589	0.462412
-2.97021	-0.0621611	0.461097
-2.97478	-0.0632764	0.455329
-2.99448	-0.178089	0.452745
-3.0117	-0.315918	0.460586
-3.02964	-0.426888	0.458882
-3.00379	-0.265834	0.457208
-3.024	-0.370547	0.449964
-3.03079	-0.398304	0.4435
-3.0224	-0.387421	0.440371
-3.03404	-0.438288	0.436841
-3.04028	-0.445636	0.432616
-3.02054	-0.373661	0.428453
-2.99631	-0.238452	0.423442
-3.01221	-0.29967	0.427578
-3.02439	-0.353163	0.425316
-3.03469	-0.426092	0.432115
-3.02394	-0.40145	0.436279
-3.0519	-0.503673	0.431788
-3.03094	-0.363276	0.424283
-3.02432	-0.300817	0.425183
-3.02138	-0.279871	0.422412
-3.01772	-0.306032	0.424957
-3.00759	-0.27575	0.428264
-3.00365	-0.273372	0.428741
-3.01178	-0.327192	0.421126
-3.02159	-0.37567	0.416848
-3.03943	-0.465768	0.411156
-3.03994	-0.463398	0.411113
-3.03668	-0.413417	0.408934
-3.02828	-0.35823	0.401915
-3.0059	-0.211492	0.395229
-3.01737	-0.278067	0.392133
-3.01478	-0.28772	0.393484
-3.0101	-0.250142	0.39035
-2.98783	-0.105915	0.383366
-2.98309	-0.0634536	0.385189
-2.97759	-0.032216	0.377944
-2.97749	-0.00322527	0.37267
-2.99482	-0.0783899	0.378515
-3.00394	-0.140137	0.375228
-2.99515	-0.0733061	0.371843
-2.99517	-0.0737813	0.372758
-3.03845	-0.283064	0.372509
-3.03779	-0.262519	0.372932
-3.04863	-0.2843	0.374741
-3.07196	-0.366329	0.374114
-3.06477	-0.328565	0.370933
-3.05768	-0.264701	0.371621
-3.0727	-0.369368	0.370024
-3.05666	-0.284588	0.37035
-3.04978	-0.217473	0.368092
-3.04259	-0.167771	0.371204
-3.02699	-0.0899613	0.373653
-3.02975	-0.108266	0.369439
-3.04615	-0.172193	0.36629
-3.04456	-0.143463	0.363994
-3.01948	-0.0185454	0.364663
-3.008	0.0487107	0.361987
-3.0298	-0.0521287	0.353198
-3.01497	0.0673662	0.347111
-3.01681	0.0657508	0.340899
-3.02196	0.0124136	0.335443
-3.00931	0.059126	0.333335
-3.04315	-0.152963	0.328346
-3.03378	-0.0935458	0.318927
-3.03449	-0.102358	0.3127
-3.02888	-0.042082	0.310527
-3.01992	0.0350037	0.308168
-3.00836	0.128458	0.309721
-3.03476	-0.0306101	0.30545
-3.04725	-0.106345	0.300253
-3.04128	-0.0197854	0.296819
-3.03005	0.0536918	0.300152
-3.02955	0.0218055	0.30486
-3.00534	0.167824	0.294966
-3.01935	0.122747	0.286295
-2.99304	0.253541	0.283927
-2.98598	0.29539	0.287879
-2.9819	0.300632	0.288235
-3.00093	0.212313	0.286928
-2.99941	0.212324	0.282084
-2.97824	0.297641	0.279631
-2.97597	0.320334	0.276873
-2.99113	0.252887	0.270162
-3.01885	0.0803864	0.272307
-3.01265	0.0726047	0.273299
-3.01725	0.0262592	0.273107
-3.03014	-0.033315	0.272906
-3.03239	-0.0443478	0.268968
-3.05215	-0.14978	0.268341
-3.07136	-0.2264	0.266687
-3.07842	-0.266489	0.263757
-3.07952	-0.282323	0.267844
-3.07855	-0.286723	0.270705
-3.074	-0.27022	0.269375
-3.04357	-0.0900015	0.273183
-3.02214	0.0586778	0.272667
-2.99913	0.171344	0.267844
-3.00709	0.155476	0.265093
-3.05195	-0.080597	0.26299
-3.05699	-0.132688	0.265414
-3.05877	-0.117799	0.263189
-3.06015	-0.0959572	0.264909
-3.06575	-0.137281	0.26168
-3.03307	-0.0130656	0.255888
-3.04718	-0.0939818	0.249194
-3.07624	-0.259603	0.244972
-3.09046	-0.32963	0.239367
-3.08038	-0.264292	0.233927
-3.07029	-0.190747	0.229031
-3.06078	-0.144068	0.228529
-3.04785	-0.0724089	0.223616
-3.03011	0.00738952	0.220679
-3.04961	-0.10925	0.218247
-3.07554	-0.248754	0.217886
-3.08742	-0.314503	0.217014
-3.11242	-0.472049	0.216344
-3.12374	-0.513511	0.216729
-3.14601	-0.607854	0.216703
-3.1573	-0.656805	0.212508
-3.17442	-0.742057	0.203213
-3.186	-0.87427	0.203952
-3.20401	-1.01647	0.204399
-3.18251	-0.90432	0.206057
-3.17415	-0.862346	0.207834
-3.18516	-0.930988	0.214395
-3.17391	-0.83788	0.209348
-3.18745	-0.892693	0.206138
-3.18087	-0.855593	0.203525
-3.17846	-0.826967	0.194996
-3.16864	-0.777944	0.190399
-3.16084	-0.702916	0.185214
-3.14829	-0.605018	0.186653
-3.14752	-0.555629	0.189803
-3.13156	-0.431735	0.188573
-3.10978	-0.289026	0.188808
-3.13416	-0.457263	0.191704
-3.15484	-0.572398	0.195325
-3.17073	-0.64151	0.192909
-3.16143	-0.600261	0.185107
-3.14513	-0.472427	0.183134
-3.13888	-0.40724	0.1818
-3.15743	-0.491171	0.176898
-3.16862	-0.539247	0.17435
-3.17715	-0.596142	0.174837
-3.16806	-0.552206	0.174719
-3.15951	-0.50721	0.173544
-3.14572	-0.422173	0.170658
-3.15616	-0.503703	0.166414
-3.16289	-0.570879	0.159071
-3.14757	-0.465871	0.154791
-3.11149	-0.237154	0.15258
-3.09757	-0.159921	0.156534
-3.08518	-0.0794976	0.162427
-3.0781	-0.0520109	0.161815
-3.09252	-0.0906463	0.160494
-3.10355	-0.167971	0.166652
-3.11237	-0.229391	0.166283
-3.09686	-0.162042	0.164102
-3.09132	-0.0863786	0.170065
-3.10453	-0.146088	0.167582
-3.10181	-0.139402	0.163056
-3.0988	-0.153926	0.165601
-3.10558	-0.159942	0.164691
-3.1202	-0.22348	0.165943
-3.12832	-0.248643	0.159997
-3.13632	-0.272783	0.158379
-3.14099	-0.301867	0.163173
-3.14884	-0.347343	0.160803
-3.14576	-0.315302	0.160721
-3.14976	-0.307525	0.162252
-3.1268	-0.173459	0.16103
-3.09897	-0.0408196	0.156072
-3.08678	-0.00926318	0.153791
-3.10561	-0.116889	0.162381
-3.09676	-0.0846215	0.159262
-3.11498	-0.168119	0.158228
-3.0985	-0.0847944	0.158139
-3.07627	0.0222409	0.157405
-3.07516	0.0222514	0.158179
-3.09007	-0.0655983	0.154631
-3.11024	-0.14873	0.150738
-3.13507	-0.238948	0.148257
-3.12961	-0.167432	0.146671
-3.13829	-0.251261	0.147465
-3.14216	-0.281461	0.145761
-3.17469	-0.442841	0.146748
-3.18062	-0.527683	0.14956
-3.18519	-0.591915	0.148456
-3.16909	-0.513011	0.149679
-3.16686	-0.52061	0.146263
-3.17881	-0.572858	0.141817
-3.15375	-0.461174	0.145345
-3.14057	-0.397571	0.145027
-3.115	-0.234773	0.147227
-3.0988	-0.183	0.148661
-3.09246	-0.170998	0.152218
-3.11672	-0.326263	0.153166
-3.15101	-0.472167	0.152311
-3.15187	-0.452389	0.152595
-3.17508	-0.618379	0.155943
-3.16811	-0.601975	0.154678
-3.15801	-0.497956	0.154776
-3.15573	-0.444385	0.153392
-3.14895	-0.395423	0.14936
-3.15075	-0.406947	0.146727
-3.15432	-0.415267	0.150125
-3.14791	-0.416319	0.15102
-3.17251	-0.56781	0.14588
-3.18874	-0.638588	0.146541
-3.15424	-0.437645	0.142514
-3.1318	-0.287263	0.145802
-3.12027	-0.222315	0.148885
-3.09354	-0.152177	0.148081
-3.09674	-0.194985	0.145163
-3.09654	-0.179586	0.142582
-3.10095	-0.190811	0.146244
-3.12009	-0.267949	0.143484
-3.11909	-0.283492	0.143235
-3.13714	-0.432725	0.151343
-3.15956	-0.565841	0.149618
-3.16683	-0.637189	0.151725
-3.17451	-0.674565	0.149642
-3.1828	-0.707745	0.151693
-3.17753	-0.738011	0.157551
-3.15958	-0.649945	0.150867
-3.15746	-0.652461	0.149407
-3.14762	-0.62741	0.148018
-3.15197	-0.65578	0.147619
-3.12395	-0.500662	0.150206
-3.10745	-0.375223	0.147027
-3.08447	-0.211903	0.148674
-3.08165	-0.163315	0.144282
-3.1014	-0.270847	0.140199
-3.10844	-0.348408	0.139724
-3.0941	-0.228591	0.139396
-3.08217	-0.185877	0.142323
-3.10147	-0.288541	0.137957
-3.09916	-0.243815	0.131801
-3.10967	-0.321266	0.128789
-3.09849	-0.247597	0.127562
-3.1045	-0.302881	0.124488
-3.09989	-0.304344	0.119953
-3.09049	-0.211795	0.11287
-3.06848	-0.0688001	0.110396
-3.08311	-0.130234	0.108105
-3.06694	-0.0471506	0.107577
-3.04273	0.043787	0.107177
-3.0296	0.125558	0.109247
-3.03043	0.104143	0.102907
-3.04653	-0.0334615	0.09733
-3.04004	0.0146238	0.0973933
-3.03676	0.00916469	0.0954983
-3.05686	-0.0929056	0.0992202
-3.04797	-0.0458052	0.0977315
-3.06122	-0.104733	0.0939421
-3.07962	-0.220535	0.0938185
-3.07017	-0.157151	0.0974356
-3.05472	-0.0421529	0.103479
-3.04505	0.0241198	0.103132
-3.04696	0.0113899	0.100983
-3.05747	-0.0327158	0.0986512
-3.07675	-0.111112	0.0939573
-3.06382	-0.0241041	0.0864304
-3.06206	0.00554709	0.0878289
-3.06331	0.0600962	0.0902323
-3.0774	0.0042801	0.0892016
-3.07364	0.0347048	0.084069
-3.12155	-0.225249	0.0868028
-3.11385	-0.199848	0.0860062
-3.10752	-0.190546	0.0924784
-3.07667	-0.0322388	0.0990696
-3.06091	0.0461626	0.0967525
-3.06981	0.00374675	0.0947104
-3.08679	-0.0802521	0.0905557
-3.09953	-0.125469	0.0905869
-3.09151	-0.0281072	0.0845308
-3.08089	0.0358649	0.0768994
-3.07313	0.0763018	0.0706607
-3.06838	0.0718304	0.0672491
-3.07612	0.0197546	0.064592
-3.07473	0.0262447	0.0658963
-3.07172	0.0536138	0.0645274
-3.05802	0.156914	0.0633156
-3.0536	0.21333	0.0672167
-3.02972	0.35787	0.0655477
-3.03458	0.343154	0.0686651
-3.05609	0.263802	0.0703247
-3.07488	0.139302	0.0721028
-3.08871	0.07004	0.0736483
-3.07544	0.13712	0.0847225
-3.08476	0.0682821	0.0842646
-3.05261	0.26258	0.0806489
-3.0234	0.423145	0.0840371
-3.028	0.398946	0.080273
-3.10526	-0.0164876	0.078975
-3.1153	-0.0741791	0.0741751
-3.07202	0.147221	0.0719428
-3.06538	0.144752	0.074242
-3.07677	0.0566375	0.0719442
-3.10836	-0.0751502	0.073714
-3.09589	-0.017261	0.0711634
-3.10081	-0.0375313	0.0665288
-3.09306	0.0110122	0.066199
-3.08516	0.0588613	0.0620396
-3.06924	0.157768	0.0621676
-3.05671	0.22756	0.0585912
-3.05069	0.275489	0.0605262
-3.07702	0.127456	0.0652904
-3.05642	0.214719	0.0682665
-3.04208	0.337424	0.0598452
-3.06175	0.200399	0.0607373
-3.05928	0.173174	0.0592745
-3.0442	0.239715	0.0644457
-3.05974	0.180188	0.0617565
-3.05431	0.235147	0.0570942
-3.05347	0.289598	0.0552327
-3.0622	0.243579	0.0574429
-3.04325	0.309713	0.0495697
-3.06246	0.176922	0.0452192
-3.05462	0.205687	0.0350116
-3.04704	0.292999	0.0292793
-3.02337	0.42434	0.0282251
-3.03787	0.350999	0.0328343
-3.05336	0.256418	0.0363718
-3.08463	0.0621868	0.031095
-3.08292	0.106196	0.0290892
-3.07677	0.0970427	0.028437
-3.07509	0.0870927	0.0293858
-3.104	-0.0254753	0.0260742
-3.11847	-0.114921	0.0256049
-3.11922	-0.0913691	0.0211414
-3.13397	-0.158747	0.0273815
-3.15383	-0.249579	0.0361781
-3.15489	-0.242516	0.0424674
-3.17686	-0.344121	0.0434463
-3.17801	-0.410936	0.042221
-3.17148	-0.394683	0.0344278
-3.15407	-0.307458	0.03022
-3.1503	-0.315988	0.03128
-3.15287	-0.347974	0.0295176
-3.14684	-0.299476	0.0272609
-3.13997	-0.286522	0.024341
-3.15127	-0.369444	0.0204411
-3.14097	-0.330523	0.0212644
-3.11575	-0.205569	0.0208991
-3.11594	-0.243086	0.0250599
-3.10894	-0.238468	0.0295922
-3.09128	-0.191393	0.020075
-3.1059	-0.254462	0.0215568
-3.12173	-0.301597	0.0276391
-3.13116	-0.37772	0.0329476
-3.13072	-0.346243	0.0341432
-3.14221	-0.414004	0.0339346
-3.14078	-0.396048	0.0319696
-3.12549	-0.299114	0.0341875
-3.09254	-0.123148	0.036123
-3.11109	-0.234617	0.036473
-3.14258	-0.370809	0.0342234
-3.14929	-0.370446	0.0395951
-3.11831	-0.186075	0.0412951
-3.09292	-0.031408	0.0435954
-3.10496	-0.09664	0.0508037
-3.10225	-0.0830415	0.0487133
-3.08402	0.0156227	0.0420771
-3.07319	0.0646879	0.0357612
-3.0693	0.081112	0.0319631
-3.05921	0.147791	0.0333457
-3.07312	0.0721808	0.0342896
-3.07193	0.0890956	0.0306091
-3.07763	0.0467579	0.0368644
-3.11317	-0.146663	0.0354295
-3.13929	-0.33258	0.0344597
-3.12861	-0.308254	0.0335387
-3.12305	-0.287224	0.036706
-3.11881	-0.268377	0.0393035
-3.10579	-0.19928	0.0395166
-3.09008	-0.0862803	0.0401411
-3.08587	-0.0885052	0.0408084
-3.09183	-0.132224	0.0414399
-3.09031	-0.140628	0.0355472
-3.09333	-0.159254	0.0292522
-3.08151	-0.0823243	0.0269365
-3.07893	-0.0787481	0.0199787
-3.0963	-0.159466	0.0175999
-3.10988	-0.250685	0.0201196
-3.10451	-0.193433	0.0244105
-3.10284	-0.155691	0.0325674
-3.10818	-0.16347	0.0318537
-3.09993	-0.0916851	0.029686
-3.09617	-0.0892573	0.0347375
-3.08968	-0.00206819	0.0399985
-3.1155	-0.152148	0.0346476
-3.13559	-0.268951	0.0348668
-3.15319	-0.350205	0.0371448
-3.1362	-0.268571	0.0313571
-3.1011	-0.0661994	0.0266591
-3.08511	-0.00124982	0.0223353
-3.08386	0.00924001	0.0145471
-3.07459	0.0622564	0.00514975
-3.0685	0.123557	0.0039555
-3.05198	0.267287	0.00787967
-3.05266	0.278763	0.00643098
-3.05643	0.224789	0.00274458
-3.05681	0.184071	0.00561816
-3.06082	0.176514	0.0114043
-3.07003	0.117911	0.0101854
-3.07992	0.0421774	0.00931436
-3.09048	-0.0236651	0.00417545
-3.08375	0.0406485	0.00132723
-3.08558	0.0482107	0.00210562
-3.07947	0.0857233	0.0070648
-3.09507	0.00483448	0.00973611
-3.07989	0.0664145	0.0136749
-3.06299	0.158356	0.0103429
-3.0817	0.0725251	0.00881448
-3.08781	0.0266172	0.0130081
-3.073	0.114902	0.0071644
-3.03475	0.342702	0.00872153
-3.02667	0.332836	0.00444769
-3.03798	0.259412	0.00699846
-3.02981	0.274429	0.00779279
-3.03933	0.211442	0.0102253
-3.05986	0.163628	0.00505859
-3.05014	0.24418	0.00163906
-3.05214	0.258231	0.000977557
-3.04762	0.316639	0.00367485
-3.05925	0.265702	0.00497239
-3.07161	0.222988	0.0136672
-3.06217	0.253144	0.0178057
-3.06438	0.218535	0.0208048
-3.0495	0.329628	0.0254344
-3.02919	0.458258	0.0219471
-2.9772	0.721008	0.0238044
-2.96085	0.784682	0.0255711
-2.9675	0.758396	0.0237008
-2.95067	0.876141	0.016724
-2.94604	0.913139	0.0218109
-2.94515	0.914128	0.0283305
-2.94982	0.905592	0.024665
-2.96555	0.853887	0.0300362
-3.01078	0.587004	0.032499
-3.04984	0.374347	0.0344555
-3.0635	0.31213	0.0408205
-3.05786	0.292268	0.0389662
-3.08922	0.0650083	0.0373832
-3.11112	-0.0708622	0.0352707
-3.09796	0.00909712	0.0358704
-3.10872	-0.0193622	0.0339771
-3.12391	-0.109033	0.0300986
-3.13002	-0.162659	0.0306062
-3.13257	-0.132479	0.02857
-3.14209	-0.167151	0.0286044
-3.16433	-0.26806	0.0246758
-3.16117	-0.182312	0.0296506
-3.12926	-0.0255036	0.029836
-3.11563	0.0264674	0.0282577
-3.11284	0.0288897	0.0311365
-3.13014	-0.0341019	0.0260768
-3.14609	-0.13593	0.020345
-3.17928	-0.313868	0.0227181
-3.18584	-0.4034	0.0240627
-3.16285	-0.280769	0.0276939
-3.16173	-0.273632	0.0363947
-3.16451	-0.296225	0.0339987
-3.20434	-0.556182	0.0332456
-3.21279	-0.626406	0.0327711
-3.19495	-0.549971	0.0379719
-3.19431	-0.522645	0.0368134
-3.1867	-0.457826	0.0352296
-3.19435	-0.467661	0.0358648
-3.17248	-0.312559	0.0369599
-3.16791	-0.255897	0.0371667
-3.1694	-0.236283	0.0291118
-3.17013	-0.225783	0.0254327
-3.17866	-0.248652	0.0235993
-3.17581	-0.251331	0.0240559
-3.1836	-0.313646	0.0245681
-3.1839	-0.323721	0.0231509
-3.18347	-0.311902	0.0205495
-3.18987	-0.339371	0.0239245
-3.19183	-0.351565	0.0268764
-3.15362	-0.204582	0.0270123
-3.158	-0.265804	0.0183442
-3.14518	-0.226517	0.0098602
-3.13795	-0.169286	0.00246526
-3.14167	-0.153353	-0.00121378
-3.12577	-0.0996682	-0.00220072
-3.13039	-0.145658	0.00522879
-3.14691	-0.199993	0.00620023
-3.13021	-0.0847162	0.00913529
-3.11463	0.0272467	0.0110239
-3.10963	0.0499113	0.0124432
-3.10805	0.0458172	0.0104032
-3.08968	0.129858	0.00117984
-3.08401	0.169821	0.00189842
-3.06751	0.285454	0.000226811
-3.08161	0.215676	0.00463216
-3.08456	0.181026	0.00434256
-3.07682	0.213081	0.00290426
-3.07775	0.216854	0.00371661
-3.08085	0.217301	0.000521879
-3.0703	0.276883	0.00261361
-3.03165	0.475616	-0.000767511
-3.0161	0.534061	0.00582227
-3.01967	0.497426	-0.000462496
-3.02771	0.437147	-0.00291868
-2.99099	0.629965	-0.0075108
-2.99383	0.62032	-0.0135208
-3.01308	0.522292	-0.0124145
-2.99174	0.618413	-0.0128343
-2.99	0.58484	-0.0123904
-2.98428	0.573557	-0.00872168
-2.98019	0.579363	-0.00792782
-2.97885	0.576501	-0.00334078
-2.95673	0.714239	0.0035565
-2.9577	0.694516	0.00863875
-2.97832	0.575097	0.00229729
-3.01604	0.389292	0.0037038
-3.02056	0.337024	0.00486927
-3.03281	0.265479	0.00310639
-3.041	0.20225	0.00951906
-3.06618	0.0404505	0.0132752
-3.0826	-0.00572772	0.0138836
-3.09288	-0.0507583	0.00276341
-3.09805	-0.0940264	0.000261689
-3.10844	-0.174117	0.00184071
-3.12171	-0.226932	0.00518731
-3.1218	-0.267985	0.0092202
-3.09732	-0.101868	0.0139307
-3.09175	-0.058849	0.0114331
-3.10037	-0.12689	0.0108468
-3.11828	-0.234997	0.00475455
-3.11996	-0.22029	0.00234981
-3.1177	-0.24125	0.00656192
-3.13564	-0.342086	0.00303751
-3.12227	-0.296994	0.00161226
-3.11959	-0.29124	0.00261445
-3.1361	-0.391697	0.00529731
-3.10485	-0.22091	0.00530229
-3.10136	-0.16256	0.00238974
-3.09331	-0.0686356	0.000655334
-3.08652	-0.0488762	-0.000183452
-3.09955	-0.139821	0.00111319
-3.09927	-0.096613	0.000294332
-3.09745	-0.0711726	0.00700195
-3.11732	-0.185097	0.0112745
-3.11913	-0.11484	0.00598077
-3.14527	-0.277809	0.00766523
-3.13259	-0.220637	0.00263658
-3.12231	-0.228323	-0.00519679
-3.1159	-0.162367	-6.39565e-05
-3.13446	-0.250897	6.09757e-05
-3.11628	-0.144937	-0.00145837
-3.11166	-0.118918	-0.00244651
-3.11758	-0.10261	0.00191546
-3.13883	-0.215829	0.004615
-3.1151	-0.108955	0.00347622
-3.11211	-0.0571584	0.00911623
-3.0944	0.0816157	0.0108759
-3.09487	0.0838244	0.00986766
-3.10427	0.0421398	0.00660034
-3.11049	-0.0102497	0.00147807
-3.11734	-0.0593566	0.00419946
-3.1242	-0.131004	0.00895841
-3.12881	-0.205772	0.0115464
-3.13228	-0.219482	0.0172076
-3.12646	-0.164589	0.0153715
-3.11838	-0.148312	0.0106372
-3.14157	-0.297727	0.0129614
-3.15655	-0.32683	0.0133826
-3.14234	-0.218833	0.0134816
-3.16351	-0.336907	0.00551262
-3.17147	-0.371417	0.00379268
-3.15973	-0.337033	0.00543409
-3.18156	-0.486793	0.00739828
-3.18314	-0.505681	0.00495231
-3.16457	-0.391743	0.00234063
-3.17657	-0.46283	-0.00251022
-3.19357	-0.554513	-0.00745308
-3.20689	-0.646654	-0.0156375
-3.19369	-0.597363	-0.0211204
-3.19858	-0.626619	-0.022843
-3.20621	-0.631738	-0.0215008
-3.19779	-0.534153	-0.0240203
-3.20409	-0.534928	-0.0252461
-3.20105	-0.487264	-0.0213262
-3.17796	-0.37086	-0.0297508
-3.1741	-0.352027	-0.0341402
-3.19559	-0.443079	-0.034859
-3.20947	-0.479996	-0.0344499
-3.22201	-0.540579	-0.0349218
-3.21852	-0.515111	-0.0298503
-3.20722	-0.399101	-0.0345508
-3.18506	-0.234951	-0.0301003
-3.1816	-0.204785	-0.0317197
-3.19734	-0.257365	-0.0300582
-3.21424	-0.346885	-0.0274573
-3.2135	-0.42381	-0.0248916
-3.22032	-0.469441	-0.0236002
-3.19609	-0.334663	-0.0274477
-3.18681	-0.314443	-0.0311738
-3.18612	-0.294708	-0.025506
-3.17358	-0.260719	-0.0226023
-3.16617	-0.256761	-0.0285273
-3.16539	-0.245845	-0.0306827
-3.16188	-0.230173	-0.03415
-3.17405	-0.316906	-0.0321637
-3.17326	-0.365167	-0.024987
-3.1914	-0.512075	-0.0218202
-3.20148	-0.603876	-0.0161948
-3.20118	-0.574791	-0.0157953
-3.17894	-0.393629	-0.0151346
-3.14353	-0.208112	-0.0129389
-3.13596	-0.211833	-0.0159128
-3.1148	-0.0976538	-0.0150054
-3.09426	0.0315304	-0.0139691
-3.08898	0.129189	-0.01271
-3.11649	-0.000849588	-0.0126863
-3.14079	-0.152813	-0.0151681
-3.16555	-0.284144	-0.0185652
-3.18469	-0.389197	-0.0173164
-3.14535	-0.177384	-0.0178579
-3.13838	-0.112264	-0.0210356
-3.1211	-0.0344745	-0.0240016
-3.13335	-0.0913736	-0.0261197
-3.16282	-0.24199	-0.020023
-3.17212	-0.287136	-0.0166193
-3.16725	-0.263478	-0.0182255
-3.20864	-0.479064	-0.0158004
-3.21617	-0.559407	-0.013432
-3.22283	-0.590575	-0.0125933
-3.2362	-0.647518	-0.0186336
-3.24836	-0.709158	-0.0179855
-3.22275	-0.563302	-0.0164422
-3.21398	-0.563568	-0.026986
-3.22139	-0.613988	-0.0284183
-3.22918	-0.623409	-0.0294864
-3.20189	-0.484894	-0.0361346
-3.18618	-0.415446	-0.0433745
-3.17137	-0.32777	-0.0461553
-3.17542	-0.373379	-0.0469903
-3.18373	-0.420694	-0.0449023
-3.173	-0.350411	-0.0446475
-3.18162	-0.379707	-0.0406416
-3.17367	-0.338816	-0.0394657
-3.17493	-0.329448	-0.0416617
-3.1989	-0.463463	-0.0369773
-3.22237	-0.610467	-0.0322141
-3.21836	-0.603476	-0.0322336
-3.21431	-0.583716	-0.0344214
-3.23051	-0.656582	-0.0319527
-3.22788	-0.631837	-0.0238878
-3.23877	-0.673713	-0.0210376
-3.23219	-0.636527	-0.0247204
-3.22962	-0.593328	-0.027261
-3.22447	-0.518472	-0.0204792
-3.22722	-0.546505	-0.0225994
-3.22836	-0.547491	-0.0208183
-3.22864	-0.552963	-0.0167712
-3.20736	-0.451673	-0.0177618
-3.19207	-0.377613	-0.0164841
-3.17823	-0.311704	-0.0193167
-3.16894	-0.256667	-0.01914
-3.14625	-0.118479	-0.0195858
-3.13933	-0.0882853	-0.0176581
-3.12662	-0.0265364	-0.0171162
-3.10778	0.0805296	-0.0141718
-3.11008	0.0531521	-0.0116811
-3.11881	-0.00993899	-0.0100253
-3.11884	-0.028669	-0.0063634
-3.11923	-0.0386417	-0.00587099
-3.1312	-0.119188	0.00163596
-3.1274	-0.111509	0.00710162
-3.12618	-0.114036	0.00550518
-3.11926	-0.0731335	0.00390673
-3.11168	0.0329642	0.0072739
-3.09721	0.117609	0.0100428
-3.09728	0.108784	0.0133488
-3.09064	0.140116	0.0156172
-3.10461	0.0702801	0.0147273
-3.1223	-0.0568733	0.0129991
-3.13358	-0.147843	0.0186748
-3.13747	-0.166203	0.0181451
-3.12728	-0.109898	0.0185342
-3.09323	0.0576383	0.014943
-3.05709	0.261211	0.0140534
-3.03484	0.391608	0.0132843
-3.03744	0.367162	0.0184929
-3.01757	0.466108	0.019194
-3.01879	0.47167	0.015851
-2.99368	0.548703	0.0184663
-3.02816	0.377652	0.0238486
-3.04539	0.267735	0.0226929
-3.06396	0.141662	0.0260558
-3.06082	0.171987	0.0283792
-3.06737	0.167036	0.0276137
-3.06733	0.153473	0.030089
-3.07678	0.0564984	0.0275091
-3.07449	0.107927	0.0242271
-3.08291	0.0748888	0.0220592
-3.09613	0.0107224	0.0200163
-3.08159	0.0801913	0.0250047
-3.11029	-0.112477	0.0261167
-3.13601	-0.280279	0.0216248
-3.12549	-0.17711	0.0133444
-3.13199	-0.185389	0.00692923
-3.11737	-0.0830665	0.00957229
-3.11986	-0.0850587	0.00473857
-3.08969	0.0746787	0.00370057
-3.0656	0.189117	0.000770013
-3.07621	0.115082	-0.00220598
-3.09757	-0.00725859	-0.00326756
-3.10884	-0.0450715	-0.00753289
-3.13871	-0.215597	0.000663761
-3.1627	-0.349019	0.00338868
-3.15899	-0.342563	0.0102554
-3.14685	-0.284127	0.00927839
-3.13155	-0.209161	0.00865473
-3.13743	-0.288865	0.00792397
-3.12423	-0.232433	0.00640677
-3.11639	-0.208194	0.0102764
-3.13274	-0.312485	0.0109137
-3.1514	-0.410218	0.010659
-3.1392	-0.336867	0.00711901
-3.10714	-0.148813	0.00551094
-3.12545	-0.245609	0.00619421
-3.12039	-0.165938	0.0117057
-3.11016	-0.0514019	0.0141429
-3.10332	0.0279934	0.0146111
-3.12869	-0.0990619	0.0229209
-3.15011	-0.169791	0.0340224
-3.14659	-0.123496	0.0363276
-3.13751	-0.0288954	0.0360562
-3.16002	-0.143941	0.0326899
-3.16173	-0.166031	0.0276927
-3.18506	-0.331644	0.0268249
-3.19181	-0.343296	0.0258971
-3.16292	-0.174969	0.0215824
-3.14606	-0.0587548	0.01656
-3.1415	-0.0165492	0.0153078
-3.14049	0.00821267	0.0223096
-3.117	0.127723	0.0228464
-3.1051	0.22196	0.0146353
-3.12422	0.105018	0.00940539
-3.10507	0.230152	0.0082618
-3.10985	0.261395	0.00660137
-3.11094	0.29741	0.00840264
-3.12952	0.218818	0.00642843
-3.1555	0.108083	0.00547002
-3.16509	0.0565777	-0.00087209
-3.1271	0.273955	-0.00525666
-3.15335	0.142236	-0.00950666
-3.15336	0.132875	-0.00505881
-3.14108	0.168387	-0.00881663
-3.13701	0.163984	-0.00941205
-3.14016	0.15352	-0.00909745
-3.14055	0.120774	-0.012782
-3.14408	0.0865458	-0.00951169
-3.14189	0.0686099	-0.00670205
-3.16306	-0.0318175	-0.00438596
-3.17127	-0.0965766	-0.00766379
-3.16641	-0.154073	-0.0104703
-3.14986	-0.126823	-0.00840117
-3.15882	-0.174587	0.000930969
-3.13838	-0.0480058	-0.00161874
-3.14475	-0.110224	-0.00149138
-3.13347	-0.0492771	-0.00377081
-3.14108	-0.0687331	-0.00851364
-3.12169	0.0424431	-0.0108317
-3.12688	0.0236189	-0.00926215
-3.13997	-0.0800693	-0.00548141
-3.12591	0.0219685	-0.00486122
-3.15435	-0.131368	-0.00822
-3.19074	-0.369118	-0.00319362
-3.20979	-0.502194	0.00115036
-3.2005	-0.430405	0.00282215
-3.19938	-0.404331	0.00530023
-3.17998	-0.310958	0.0117389
-3.16331	-0.232366	0.0222124
-3.16848	-0.294458	0.0232217
-3.16159	-0.289958	0.0224756
-3.16235	-0.263911	0.0208139
-3.15657	-0.263497	0.0258007
-3.16853	-0.304084	0.0252633
-3.15992	-0.265686	0.0322414
-3.16645	-0.28454	0.0346682
-3.16868	-0.32643	0.0259826
-3.15864	-0.281457	0.0233184
-3.16839	-0.327857	0.0194651
-3.1727	-0.31794	0.0105812
-3.15888	-0.221544	0.0124704
-3.16018	-0.220132	0.0109012
-3.17227	-0.286889	0.0122527
-3.1795	-0.296774	0.00999561
-3.1696	-0.218921	0.0101038
-3.14927	-0.0728537	0.00608479
-3.13443	0.00191132	0.00819719
-3.14234	-0.0390883	0.00596528
-3.16273	-0.102853	0.00842535
-3.1549	-0.0614529	0.0131768
-3.16143	-0.0778825	0.0117998
-3.15703	-0.0462144	0.0128235
-3.17647	-0.147128	0.0165563
-3.19388	-0.250605	0.0220455
-3.19227	-0.266636	0.0236832
-3.2005	-0.333706	0.0245769
-3.21579	-0.471931	0.0219606
-3.20206	-0.425934	0.0170631
-3.18183	-0.347623	0.0165859
-3.15823	-0.218034	0.0211862
-3.13162	-0.0450949	0.0241092
-3.10472	0.0712939	0.0207517
-3.09461	0.176359	0.0139602
-3.10875	0.118198	0.0114784
-3.10021	0.185632	0.0126122
-3.08692	0.298701	0.00517329
-3.09204	0.313973	0.00221266
-3.10686	0.191022	0.00359984
-3.09357	0.256676	0.00659442
-3.10539	0.180163	0.00732573
-3.10121	0.195796	0.00757711
-3.08016	0.285482	0.00641429
-3.06934	0.323183	0.00356452
-3.06719	0.31516	-0.00181304
-3.06431	0.346196	-0.00678534
-3.05811	0.388024	-0.00218677
-3.05122	0.427832	0.00604623
-3.0494	0.465122	0.00836576
-3.06652	0.385654	0.0113358
-3.0597	0.364815	0.0118337
-3.06056	0.352019	0.012059
-3.05124	0.419256	0.00941128
-3.0406	0.493638	0.0142632
-3.05942	0.408334	0.0103175
-3.07644	0.298133	0.00500173
-3.07808	0.284633	0.00383483
-3.06303	0.329199	-0.00336701
-3.06886	0.297415	-0.000724927
-3.06028	0.34762	0.0008717
-3.05998	0.358364	-0.00539161
-3.05297	0.446269	-0.0105841
-3.05675	0.410943	-0.0110469
-3.05464	0.396619	-0.0162748
-3.05978	0.339664	-0.0176186
-3.06834	0.311477	-0.0129968
-3.0478	0.449162	-0.0019502
-3.04853	0.449061	-0.00232688
-3.06743	0.302171	0.00459382
-3.08547	0.208377	0.00452179
-3.11216	0.0775381	0.00560258
-3.1329	-0.0172765	0.0101329
-3.13119	-0.0303869	0.0126417
-3.11719	0.0192336	0.0105942
-3.14131	-0.110876	0.00234218
-3.14511	-0.121068	0.000480281
-3.12774	0.00497783	-0.000109292
-3.10036	0.14545	0.00176201
-3.08966	0.20643	-0.00566002
-3.08023	0.246219	-0.00870654
-3.0682	0.337454	-0.00677705
-3.05029	0.437816	-0.00668424
-3.0494	0.457702	-0.0092388
-3.04526	0.485951	-0.0138827
-3.05066	0.443746	-0.016091
-3.05031	0.48818	-0.0107552
-3.04668	0.525043	-0.0113471
-3.05427	0.509749	-0.0123248
-3.04	0.624789	-0.0152108
-3.02354	0.722909	-0.0118653
-3.01571	0.753218	-0.00826919
-3.01052	0.762833	-0.00768564
-3.02294	0.662681	-0.00812222
-3.02326	0.58494	-0.0129577
-3.05502	0.3649	-0.0125376
-3.0673	0.315636	-0.0113764
-3.0903	0.199662	-0.0127963
-3.10908	0.127534	-0.0118821
-3.12434	0.059647	-0.00954621
-3.09838	0.186755	-0.0020728
-3.07865	0.271461	-0.00250013
-3.05644	0.373305	-0.00600538
-3.05537	0.358889	-0.00816855
-3.05125	0.367293	-0.0119782
-3.05242	0.390028	-0.0172276
-3.06207	0.338889	-0.0162621
-3.04435	0.418236	-0.0180549
-3.05681	0.37609	-0.017317
-3.0121	0.644248	-0.0155107
-2.99621	0.70227	-0.0140195
-2.99767	0.682212	-0.0234937
-3.00527	0.656392	-0.0270775
-3.01148	0.568056	-0.0255567
-3.0073	0.556722	-0.0243655
-3.01008	0.545743	-0.0197253
-2.98843	0.679049	-0.019799
-2.98776	0.682388	-0.0224845
-3.00789	0.580776	-0.0178909
-3.02473	0.481614	-0.011742
-3.01155	0.57026	-0.00823227
-3.02213	0.517148	-0.00852276
-3.03597	0.466068	-0.00781467
-3.05314	0.417174	-0.00862335
-3.04461	0.498734	-0.00180898
-3.04258	0.491289	0.00117595
-3.05814	0.404802	0.00560416
-3.05455	0.432365	0.0103926
-3.06844	0.353376	0.0100542
-3.06181	0.397812	0.0110899
-3.04917	0.451512	0.00660607
-3.0351	0.498191	0.00461328
-3.04812	0.430804	-0.00488827
-3.02522	0.570652	-0.00921324
-3.01025	0.66379	-0.0206017
-2.99673	0.748779	-0.0241371
-3.00356	0.692905	-0.0204644
-3.01277	0.612126	-0.0192033
-3.00766	0.642457	-0.018452
-2.98748	0.759795	-0.0167254
-2.98161	0.829184	-0.0218252
-2.98813	0.786155	-0.0234938
-2.99692	0.738576	-0.0306456
-3.00589	0.701984	-0.0320855
-3.01981	0.636418	-0.0273328
-3.03122	0.577508	-0.0238687
-3.03768	0.552754	-0.026016
-3.03156	0.598517	-0.0289994
-3.03858	0.54178	-0.0289476
-3.00773	0.671227	-0.0257169
-3.0212	0.582463	-0.0218128
-2.99413	0.719153	-0.0150447
-3.00585	0.654331	-0.00878209
-2.98215	0.8218	-0.0126387
-2.96457	0.948939	-0.0147503
-2.97658	0.863486	-0.0142368
-2.9684	0.889685	-0.0148579
-2.95701	0.924931	-0.0212818
-2.95341	0.963321	-0.0222205
-2.92925	1.05071	-0.0245231
-2.92732	1.01234	-0.0264454
-2.93408	0.975822	-0.0182591
-2.96057	0.84685	-0.0149003
-2.95122	0.92403	-0.0147693
-2.97711	0.848095	-0.0239977
-2.98878	0.780777	-0.0323852
-2.96894	0.856582	-0.035188
-2.93786	1.02498	-0.0400636
-2.94061	1.0163	-0.0423243
-2.96581	0.908569	-0.046133
-2.98981	0.775672	-0.0422919
-2.99449	0.733508	-0.0351842
-2.98911	0.781247	-0.0306328
-2.99631	0.72882	-0.0271359
-3.00051	0.752332	-0.025689
-2.99808	0.76197	-0.0268497
-3.0014	0.748292	-0.0283371
-2.99545	0.811122	-0.0229752
-3.00667	0.741378	-0.015737
-3.027	0.621726	-0.0146716
-3.03456	0.544595	-0.00971124
-3.04585	0.449334	-0.010908
-3.02845	0.571799	-0.0111555
-3.02046	0.604069	-0.00921769
-3.01716	0.614582	-0.0148696
-3.00313	0.712934	-0.0197533
-3.01089	0.662485	-0.0184697
-3.03557	0.575164	-0.0147116
-3.0687	0.411022	-0.0177346
-3.10003	0.25572	-0.0164211
-3.10586	0.272819	-0.017827
-3.0938	0.369804	-0.0190778
-3.11575	0.199011	-0.0139727
-3.0946	0.284957	-0.00956946
-3.08947	0.284863	-0.00944106
-3.08811	0.244834	-0.0117558
-3.09595	0.184568	-0.00917883
-3.09604	0.189909	-0.00760996
-3.09779	0.176067	-0.0127039
-3.12164	0.0546806	-0.0174141
-3.13619	-0.0414433	-0.0229037
-3.13851	0.0117667	-0.0192113
-3.14416	-0.0316867	-0.011129
-3.13668	0.0149817	-0.00926247
-3.12656	0.0445418	-0.013432
-3.12459	0.0891313	-0.01663
-3.15061	-0.0456835	-0.0157697
-3.1392	0.0198022	-0.0206784
-3.10999	0.176071	-0.0246221
-3.06706	0.406465	-0.0282639
-3.07419	0.345851	-0.0253581
-3.08486	0.278338	-0.027883
-3.09878	0.231231	-0.0336315
-3.12167	0.149139	-0.0355545
-3.13275	0.081354	-0.0324409
-3.12072	0.113628	-0.0332051
-3.12116	0.125437	-0.0339403
-3.14217	0.0469216	-0.0361209
-3.13102	0.0849233	-0.0255697
-3.1098	0.210342	-0.0237219
-3.13297	0.0600741	-0.0257576
-3.14229	-0.0345959	-0.0315333
-3.16348	-0.161784	-0.0376913
-3.18778	-0.306736	-0.0417172
-3.20673	-0.3913	-0.0447372
-3.21145	-0.421853	-0.0476889
-3.20851	-0.414484	-0.0471027
-3.2109	-0.449252	-0.0470898
-3.21318	-0.489419	-0.0455397
-3.19554	-0.409483	-0.0378491
-3.17791	-0.334418	-0.0422704
-3.15818	-0.239253	-0.0421291
-3.16348	-0.254683	-0.0410548
-3.17871	-0.323136	-0.0414506
-3.20539	-0.455762	-0.0389108
-3.19822	-0.440751	-0.036249
-3.21957	-0.583728	-0.0382237
-3.23587	-0.659046	-0.034336
-3.24651	-0.681541	-0.0322464
-3.26098	-0.758698	-0.0321152
-3.24858	-0.666171	-0.0306163
-3.23483	-0.533478	-0.0314332
-3.21866	-0.411314	-0.0367092
-3.19512	-0.277912	-0.0344973
-3.20072	-0.264548	-0.0368519
-3.21716	-0.304725	-0.0387407
-3.18109	-0.0820916	-0.0439491
-3.14148	0.125421	-0.0368199
-3.1333	0.172228	-0.0298302
-3.1433	0.116316	-0.0279888
-3.13383	0.180008	-0.0315857
-3.13289	0.196837	-0.0305573
-3.11533	0.307434	-0.0276771
-3.13373	0.183344	-0.0270968
-3.13511	0.14162	-0.0289793
-3.1161	0.26741	-0.0282337
-3.11893	0.265532	-0.0276412
-3.12484	0.2491	-0.0215236
-3.16549	0.0829335	-0.0229068
-3.17688	0.0499095	-0.0207775
-3.17766	0.0133637	-0.021247
-3.18832	-0.0825796	-0.0183966
-3.1737	-0.0676851	-0.0149088
-3.18637	-0.171576	-0.015517
-3.18469	-0.178023	-0.0141372
-3.17985	-0.129745	-0.0130826
-3.15832	0.0504778	-0.0111074
-3.12127	0.256799	-0.00337929
-3.12301	0.285084	-0.000265881
-3.13073	0.288153	-0.00501893
-3.09013	0.50106	-0.011454
-3.0883	0.498752	-0.0080492
-3.10821	0.396239	-0.0111032
-3.10812	0.393303	-0.0134882
-3.09446	0.477928	-0.0149017
-3.07636	0.553808	-0.0188454
-3.0664	0.596389	-0.0206035
-3.08902	0.466655	-0.0150148
-3.09807	0.411058	-0.0124545
-3.08628	0.543787	-0.0177859
-3.06164	0.699286	-0.0173549
-3.01984	0.904453	-0.0187421
-3.01355	0.864682	-0.018091
-3.00571	0.869055	-0.0177557
-3.00974	0.842542	-0.0188835
-3.0224	0.742012	-0.0199854
-3.02934	0.655227	-0.0206868
-3.02141	0.728893	-0.0239527
-3.00929	0.785932	-0.0200186
-3.00942	0.774515	-0.0179943
-3.00851	0.735402	-0.0193558
-3.00192	0.743619	-0.0205656
-3.01191	0.679615	-0.0221446
-2.99551	0.761836	-0.0203813
-2.97869	0.802408	-0.0119299
-2.98162	0.779042	-0.0115603
-2.99333	0.72113	-0.0178508
-2.98756	0.773126	-0.0225968
#
# THERMTIME 29500
# DELTA 0.09
#
#
# ***** ERROR BAR ESTIMATE *****
#
# ENERGY	 ENERGYSQUARE	VIRIAL
-3.10564	9.64798	0.103546
-3.14273	9.87898	0.134806
-3.08906	9.54458	0.205025
-3.13845	9.85205	0.0807129
-3.07606	9.46386	0.361911
-3.11125	9.68362	0.194961
-3.10874	9.66589	0.0929274
-3.11422	9.69963	0.0801475
