# BETA MCTIME VIRIAL1 DELTA ENERGY N1 L ACCEPTANCE ENERGYSQUARE TEMPERATURE DENSITY PRESSURE CV ENERGYERR CVERR N THERMTIME THBIN BTIME VOLUME PRERR ENERGYTAIL VIRTAIL CUTOFF U TOTENERGY DELTAIN FILENAME SIMTIME CORRTIME 
0.5 3600000.0 0.344760777 0.09 -3.03552127778 5 6.29961 0.486998 9.22422752778 2.0 0.499998868853 1.03842886388 0.00245952498404 0.00202037933445 3.88507512196e-05 125 12650 50 10000 250.000565575 0.0125114219769 -0.133994927727 -0.267898350764 3.149805 -3.16951620551 -0.169516205505 0.09 ./data/size_scaling/test0000.out 22.0 1493.67841897 
0.5 3600000.0 0.260266372472 0.09 -3.09209358333 6 7.55953 0.485991 9.56692744444 2.0 0.499999265703 1.05257941356 0.00147117908832 0.0020697580171 3.18166801776e-05 216 21700 50 10000 432.000634434 0.0125318100148 -0.0775610940002 -0.155104453722 3.779765 -3.16965467733 -0.169654677334 0.09 ./data/size_scaling/test0001.out 38.0 2620.6927865 
0.5 3600000.0 0.192045188828 0.09 -3.11924886111 7 8.81945 0.486635 9.73328138889 2.0 0.499999549167 1.04717730181 0.000891982836481 0.00203718844224 1.99736858865e-05 343 39200 50 10000 686.000618544 0.0141927543721 -0.0488465628338 -0.0976886967929 4.409725 -3.16809542394 -0.168095423945 0.09 ./data/size_scaling/test0002.out 59.0 4187.43827967 
0.5 3600000.0 0.1753739354 0.09 -3.12875172222 8 10.0794 0.486543 9.79159961111 2.0 0.499995297229 1.05495406884 0.000628067950648 0.00221497808553 2.31706462839e-05 512 46550 50 10000 1024.00963137 0.0112319483779 -0.0327236421212 -0.065445952712 5.0397 -3.16147536434 -0.161475364343 0.09 ./data/size_scaling/test0003.out 82.0 7030.31435195 
0.5 3600000.0 0.163328621589 0.09 -3.13612608333 9 11.3393 0.486119 9.83707105556 2.0 0.499998604287 1.05867818549 0.000446061247972 0.00218126198103 1.69316373468e-05 729 93600 50 10000 1458.00406991 0.0102893640743 -0.0229834007289 -0.045966340151 5.66965 -3.15910948406 -0.159109484062 0.09 ./data/size_scaling/test0004.out 117.0 9599.83290717 
0.5 3600000.0 0.1399703232 0.09 -3.13803352778 10 12.5992 0.487328 9.84846169444 2.0 0.500001249955 1.05323272871 0.00030181824675 0.00166144216596 1.33411893251e-05 1000 87850 50 10000 1999.99500019 0.0102307998644 -0.0167551552303 -0.0335101317371 6.2996 -3.15478868301 -0.154788683008 0.09 ./data/size_scaling/test0005.out 165.0 8231.28187409 
0.5 3600000.0 0.153296817972 0.09 -3.14201572222 11 13.8591 0.486061 9.87315486111 2.0 0.500003414607 1.06406717922 0.000223015604869 0.00154238880154 9.35294602798e-06 1331 132750 50 10000 2661.98182076 0.0103131102986 -0.0125885343545 -0.0251769929114 6.92955 -3.15460425658 -0.154604256577 0.09 ./data/size_scaling/test0006.out 206.0 9600.52501642 
0.5 3600000.0 0.153943177194 0.09 -3.14120963889 12 15.1191 0.485721 9.86789727778 2.0 0.499995297229 1.0672654937 0.000174820582328 0.00150293259264 8.05932641439e-06 1728 245600 50 10000 3456.03250586 0.0110030386043 -0.00969607390754 -0.0193921131789 7.55955 -3.1509057128 -0.150905712796 0.09 ./data/size_scaling/test0007.out 263.0 11628.6407078 
0.5 3600000.0 0.185649399522 0.09 -3.138621 13 16.379 0.485487 9.85150388889 2.0 0.499997586728 1.08519317067 0.000140526811972 0.00133005457216 7.57135909621e-06 2197 305600 50 10000 4394.02120794 0.0101324964472 -0.00762629975757 -0.0152525826621 8.1895 -3.14624729976 -0.146247299758 0.09 ./data/size_scaling/test0008.out 332.0 11329.7998161 
0.5 3600000.0 0.157813337708 0.09 -3.14123352778 14 17.6389 0.486439 9.86783233333 2.0 0.499999549167 1.07279961304 0.000121064324527 nan nan 2744 281150 50 10000 5488.00494835 0.0137382406554 -0.00610609283382 -0.0122121770175 8.81945 -3.14733962061 -0.147339620612 0.09 ./data/size_scaling/test0009.out 399.0 nan 
0.5 3600000.0 0.327507335806 0.09 -3.03665519444 5 6.29961 0.487342 9.23098225 2.0 0.499998868853 1.0298021628 0.00242687001339 0.00201837537198 3.94052117216e-05 125 8950 50 10000 250.000565575 nan -0.133994927727 -0.267898350764 3.149805 -3.17065012217 -0.170650122172 0.09 ./data/size_scaling/test1000.out 21.0 1510.77528164 
0.5 3600000.0 0.230969643522 0.09 -3.08830577778 6 7.55953 0.486848 9.54344222222 2.0 0.499999265703 1.0379310706 0.00145241129165 0.00227343749856 2.49278644932e-05 216 25350 50 10000 432.000634434 0.0120147076975 -0.0775610940002 -0.155104453722 3.779765 -3.16586687178 -0.165866871778 0.09 ./data/size_scaling/test1001.out 35.0 3202.71969834 
0.5 3600000.0 0.192611650264 0.09 -3.1186335 7 8.81945 0.48693 9.72955936111 2.0 0.499999549167 1.04746053227 0.000921113447216 0.00238361571294 2.60040432996e-05 343 33550 50 10000 686.000618544 0.0135277213463 -0.0488465628338 -0.0976886967929 4.409725 -3.16748006283 -0.167480062834 0.09 ./data/size_scaling/test1002.out 56.0 5551.39162903 
0.5 3600000.0 0.192383629833 0.09 -3.13063080556 8 10.0794 0.485529 9.8032115 2.0 0.499995297229 1.06345883606 0.000590564826643 0.00190987422279 1.70854705194e-05 512 52200 50 10000 1024.00963137 0.0130294374953 -0.0327236421212 -0.065445952712 5.0397 -3.16335444768 -0.163354447677 0.09 ./data/size_scaling/test1003.out 88.0 5558.84374429 
0.5 3600000.0 0.168470795806 0.09 -3.13277105556 9 11.3393 0.486452 9.81596794444 2.0 0.499998604287 1.06124926542 0.000428364479444 0.00192474843559 1.21833532508e-05 729 69750 50 10000 1458.00406991 0.0104371934722 -0.0229834007289 -0.045966340151 5.66965 -3.15575445628 -0.155754456284 0.09 ./data/size_scaling/test1004.out 123.0 7783.53725921 
0.5 3600000.0 0.169979839969 0.09 -3.13524083333 10 12.5992 0.486561 9.830985 2.0 0.500001249955 1.06823752461 0.000312479249827 0.00175239921597 1.21299753988e-05 1000 117000 50 10000 1999.99500019 0.00910189366403 -0.0167551552303 -0.0335101317371 6.2996 -3.15199598856 -0.151995988564 0.09 ./data/size_scaling/test1005.out 176.0 8844.78797374 
0.5 3600000.0 0.16522180825 0.09 -3.14013569444 11 13.8591 0.486088 9.86142411111 2.0 0.500003414607 1.07002971508 0.000242982896754 0.00264919167772 1.23968433484e-05 1331 178650 50 10000 2661.98182076 0.0142059529807 -0.0125885343545 -0.0251769929114 6.92955 -3.1527242288 -0.152724228799 0.09 ./data/size_scaling/test1006.out 196.0 25995.2242531 
0.5 3600000.0 0.165780677917 0.09 -3.14277291667 12 15.1191 0.485946 9.87775055556 2.0 0.499995297229 1.07318418839 0.000182237455511 0.00175696367633 1.02866593922e-05 1728 177350 50 10000 3456.03250586 0.0103495268406 -0.00969607390754 -0.0193921131789 7.55955 -3.15246899057 -0.152468990574 0.09 ./data/size_scaling/test1007.out 251.0 15245.1054376 
0.5 3600000.0 0.155579265333 0.09 -3.14695711111 13 16.379 0.486078 9.90390805556 2.0 0.499997586728 1.07015817614 0.000142249095691 0.00161657958109 9.53373904058e-06 2197 298950 50 10000 4394.02120794 0.0101042284039 -0.00762629975757 -0.0152525826621 8.1895 -3.15458341087 -0.154583410869 0.09 ./data/size_scaling/test1008.out 313.0 16534.3517748 
0.5 3600000.0 0.162295939867 0.09 -3.14529966667 14 17.6389 0.486049 9.89340502778 2.0 0.499999549167 1.0750409121 0.000123758661083 0.00194280422523 8.99076828142e-06 2744 331750 50 10000 5488.00494835 0.0126724509138 -0.00610609283382 -0.0122121770175 8.81945 -3.1514057595 -0.1514057595 0.09 ./data/size_scaling/test1009.out 387.0 27448.9025826 
0.5 3600000.0 0.326133724833 0.09 -3.03805980556 5 6.29961 0.487655 9.23966647222 2.0 0.499998868853 1.02911535887 0.00246477252249 0.0016868822811 4.26477422737e-05 125 17500 50 10000 250.000565575 0.0114400681797 -0.133994927727 -0.267898350764 3.149805 -3.17205473328 -0.172054733283 0.09 ./data/size_scaling/test2000.out 21.0 1039.0470617 
0.5 3600000.0 0.236574095947 0.09 -3.09369277778 6 7.55953 0.486765 9.57679180556 2.0 0.499999265703 1.04073329269 0.00146420057029 0.00238002581521 2.8762106797e-05 216 12500 50 10000 432.000634434 0.0127262518955 -0.0775610940002 -0.155104453722 3.779765 -3.17125387178 -0.171253871778 0.09 ./data/size_scaling/test2001.out 38.0 3481.81164275 
0.5 3600000.0 0.179320166764 0.09 -3.11691319444 7 8.81945 0.487118 9.71872375 2.0 0.499999549167 1.04081479652 0.000893972074533 0.00206419783537 2.54661552761e-05 343 25950 50 10000 686.000618544 0.0121222183348 -0.0488465628338 -0.0976886967929 4.409725 -3.16575975728 -0.165759757278 0.09 ./data/size_scaling/test2002.out 59.0 4289.64342674 
0.5 3600000.0 0.205073214719 0.09 -3.12695483333 8 10.0794 0.485193 9.78023827778 2.0 0.499995297229 1.06980356883 0.000597937017771 0.00202521623745 1.80185473225e-05 512 56550 50 10000 1024.00963137 0.0101718701418 -0.0327236421212 -0.065445952712 5.0397 -3.15967847545 -0.159678475455 0.09 ./data/size_scaling/test2003.out 83.0 6173.47750327 
0.5 3600000.0 0.143151607053 0.09 -3.13446841667 9 11.3393 0.487901 9.82662316667 2.0 0.499998604287 1.04858970638 0.000432727896456 0.00174168790235 1.77455577636e-05 729 95250 50 10000 1458.00406991 0.0102348155739 -0.0229834007289 -0.045966340151 5.66965 -3.1574518174 -0.157451817396 0.09 ./data/size_scaling/test2004.out 113.0 6309.11271639 
0.5 3600000.0 0.163741625806 0.09 -3.1394725 10 12.5992 0.486378 9.85759802778 2.0 0.500001249955 1.06511840973 0.000327612380381 0.00206767275256 1.54723209305e-05 1000 92400 50 10000 1999.99500019 0.0116778558582 -0.0167551552303 -0.0335101317371 6.2996 -3.15622765523 -0.15622765523 0.09 ./data/size_scaling/test2005.out 157.0 11744.8050835 
0.5 3600000.0 0.159436825723 0.09 -3.14057786111 11 13.8591 0.486211 9.86413655556 2.0 0.500003414607 1.06713720406 0.000226813463579 0.00175812953989 1.22534956293e-05 1331 124850 50 10000 2661.98182076 0.0103142363068 -0.0125885343545 -0.0251769929114 6.92955 -3.15316639547 -0.153166395466 0.09 ./data/size_scaling/test2006.out 268.0 12265.2222105 
0.5 3600000.0 0.152434871878 0.09 -3.14562525 12 15.1191 0.486329 9.895809 2.0 0.499995297229 1.06651134814 0.000212696640609 0.00213782901643 1.13831348276e-05 1728 204200 50 10000 3456.03250586 0.0092604309421 -0.00969607390754 -0.0193921131789 7.55955 -3.15532132391 -0.155321323908 0.09 ./data/size_scaling/test2007.out 287.0 19338.723928 
0.5 3600000.0 0.163730569675 0.09 -3.14422111111 13 16.379 0.48598 9.8866605 2.0 0.499997586728 1.07423380864 0.000133526110802 0.00126588792646 6.79625896533e-06 2197 271250 50 10000 4394.02120794 0.0082574033027 -0.00762629975757 -0.0152525826621 8.1895 -3.15184741087 -0.151847410869 0.09 ./data/size_scaling/test2008.out 317.0 10801.0711123 
0.5 3600000.0 0.153548432556 0.09 -3.14469605556 14 17.6389 0.486353 9.88959802778 2.0 0.499999549167 1.07066716238 0.000121186487776 0.00188302557564 9.89406752586e-06 2744 255150 50 10000 5488.00494835 0.0115684960599 -0.00610609283382 -0.0122121770175 8.81945 -3.15080214839 -0.150802148389 0.09 ./data/size_scaling/test2009.out 383.0 26333.0247887 
0.5 3600000.0 0.348128653344 0.09 -3.03781108333 5 6.29961 0.486066 9.23825158333 2.0 0.499998868853 1.04011279824 0.00248885132762 0.00212504064043 4.12968919374e-05 125 9300 50 10000 250.000565575 0.0118873442959 -0.133994927727 -0.267898350764 3.149805 -3.17180601106 -0.171806011061 0.09 ./data/size_scaling/test3000.out 20.0 1632.9693566 
0.5 3600000.0 0.218596467917 0.09 -3.0957645 6 7.55953 0.487269 9.58944266667 2.0 0.499999265703 1.03174449188 0.0014212068016 0.00178947086542 2.79771428853e-05 216 18750 50 10000 432.000634434 0.0115013982872 -0.0775610940002 -0.155104453722 3.779765 -3.173325594 -0.173325594 0.09 ./data/size_scaling/test3001.out 35.0 2027.84378538 
0.5 3600000.0 0.188370052017 0.09 -3.11866272222 7 8.81945 0.486635 9.72988369444 2.0 0.499999549167 1.04533973506 0.000956629866481 0.0020423323474 2.492219084e-05 343 23550 50 10000 686.000618544 0.0144956978175 -0.0488465628338 -0.0976886967929 4.409725 -3.16750928506 -0.167509285056 0.09 ./data/size_scaling/test3002.out 56.0 3924.20246015 
0.5 3600000.0 0.191598021472 0.09 -3.12962680556 8 10.0794 0.485846 9.79702555556 2.0 0.499995297229 1.06306603557 0.000615403375921 0.00227597992143 1.9657950118e-05 512 40150 50 10000 1024.00963137 0.0107708577479 -0.0327236421212 -0.065445952712 5.0397 -3.16235044768 -0.162350447677 0.09 ./data/size_scaling/test3003.out 83.0 7575.64278148 
0.5 3600000.0 0.201998209222 0.09 -3.13574488889 9 11.3393 0.484896 9.83462675 2.0 0.499998604287 1.07801292533 0.000432685451802 0.00238276323012 1.60540631514e-05 729 77750 50 10000 1458.00406991 0.0112563781986 -0.0229834007289 -0.045966340151 5.66965 -3.15872828962 -0.158728289618 0.09 ./data/size_scaling/test3004.out 117.0 11809.513189 
0.5 3600000.0 0.152627218208 0.09 -3.13805080556 10 12.5992 0.486854 9.84857508333 2.0 0.500001249955 1.05956119204 0.000303056271366 0.0020979545209 1.20772665639e-05 1000 179000 50 10000 1999.99500019 0.0140524692795 -0.0167551552303 -0.0335101317371 6.2996 -3.15480596079 -0.154805960786 0.09 ./data/size_scaling/test3005.out 157.0 13071.0769875 
0.5 3600000.0 0.142919285603 0.09 -3.14147727778 11 13.8591 0.486734 9.86979547222 2.0 0.500003414607 1.0588783776 0.000228996357036 0.00165458964621 1.41054653435e-05 1331 134300 50 10000 2661.98182076 0.0113085402415 -0.0125885343545 -0.0251769929114 6.92955 -3.15406581213 -0.154065812132 0.09 ./data/size_scaling/test3006.out 200.0 10759.5607174 
0.5 3600000.0 0.144194154608 0.09 -3.13575244444 12 15.1191 0.487326 9.83368527778 2.0 0.499995297229 1.06239102826 0.000185471234617 0.00138788649296 1.31751268905e-05 1728 177150 50 10000 3456.03250586 0.0102806236244 -0.00969607390754 -0.0193921131789 7.55955 -3.14544851835 -0.145448518352 0.09 ./data/size_scaling/test3007.out 255.0 9347.03448324 
0.5 3600000.0 0.125882341694 0.09 -3.145319 13 16.379 0.486947 9.89359491667 2.0 0.499997586728 1.05530978599 0.000140826226416 0.00153308152688 7.64449786594e-06 2197 244450 50 10000 4394.02120794 0.00852088236678 -0.00762629975757 -0.0152525826621 8.1895 -3.15294529976 -0.152945299758 0.09 ./data/size_scaling/test3008.out 318.0 15020.6756589 
0.5 3600000.0 0.169393861275 0.09 -3.14077116667 14 17.6389 0.485445 9.86489775 2.0 0.499999549167 1.0785898696 0.000113557158826 0.00154999082587 6.86590471506e-06 2744 253100 50 10000 5488.00494835 0.0120678522971 -0.00610609283382 -0.0122121770175 8.81945 -3.1468772595 -0.1468772595 0.09 ./data/size_scaling/test3009.out 385.0 19040.8462715 
0.5 3600000.0 0.322365893389 0.09 -3.04071147222 5 6.29961 0.488016 9.25591980556 2.0 0.499998868853 1.02723144741 0.00249838706293 0.00234923081465 4.19798268081e-05 125 9750 50 10000 250.000565575 0.0126075397358 -0.133994927727 -0.267898350764 3.149805 -3.17470639995 -0.17470639995 0.09 ./data/size_scaling/test4000.out 21.0 1988.08141146 
0.5 3600000.0 0.23410464225 0.09 -3.08841991667 6 7.55953 0.48725 9.54402877778 2.0 0.499999265703 1.03949856766 0.00142279902861 0.00167040142264 3.30496231907e-05 216 14850 50 10000 432.000634434 0.0128873349997 -0.0775610940002 -0.155104453722 3.779765 -3.16598101067 -0.165981010667 0.09 ./data/size_scaling/test4001.out 35.0 1764.98350856 
0.5 3600000.0 0.196464610839 0.09 -3.11061475 7 8.81945 0.487103 9.67957458333 2.0 0.499999549167 1.04938701082 0.000912615103942 0.00198645792558 2.37558452572e-05 343 23050 50 10000 686.000618544 0.0112048291681 -0.0488465628338 -0.0976886967929 4.409725 -3.15946131283 -0.159461312834 0.09 ./data/size_scaling/test4002.out 56.0 3891.46921384 
0.5 3600000.0 0.172110620197 0.09 -3.13099966667 8 10.0794 0.486055 9.80554111111 2.0 0.499995297229 1.05332242658 0.000595549611083 0.00201183679927 1.80176332634e-05 512 42100 50 10000 1024.00963137 0.0111222276395 -0.0327236421212 -0.065445952712 5.0397 -3.16372330879 -0.163723308788 0.09 ./data/size_scaling/test4003.out 84.0 6116.59970624 
0.5 3600000.0 0.169776623694 0.09 -3.13546069444 9 11.3393 0.485771 9.83286013889 2.0 0.499998604287 1.06190217754 0.000436593120713 0.00195898618511 1.60364198186e-05 729 71900 50 10000 1458.00406991 0.0117074087847 -0.0229834007289 -0.045966340151 5.66965 -3.15844409517 -0.158444095173 0.09 ./data/size_scaling/test4004.out 116.0 7910.94504758 
0.5 3600000.0 0.146184279944 0.09 -3.1347145 10 12.5992 0.486635 9.82768730556 2.0 0.500001249955 1.05633971485 0.000313077261325 0.00144242490292 1.29302809165e-05 1000 126900 50 10000 1999.99500019 0.0089088329954 -0.0167551552303 -0.0335101317371 6.2996 -3.15146965523 -0.15146965523 0.09 ./data/size_scaling/test4005.out 157.0 5981.049638 
0.5 3600000.0 0.169809858881 0.09 -3.14440369444 11 13.8591 0.485442 9.88828022222 2.0 0.500003414607 1.07232375606 0.000251407146588 0.00234546976421 1.27666405414e-05 1331 142700 50 10000 2661.98182076 0.0106371550305 -0.0125885343545 -0.0251769929114 6.92955 -3.1569922288 -0.156992228799 0.09 ./data/size_scaling/test4006.out 201.0 19693.5753041 
0.5 3600000.0 0.161222969561 0.09 -3.13975825 12 15.1191 0.486244 9.85876725 2.0 0.499995297229 1.07090535565 0.000171345389234 0.00165535149427 8.40722518216e-06 1728 212150 50 10000 3456.03250586 0.0131148707905 -0.00969607390754 -0.0193921131789 7.55955 -3.14945432391 -0.149454323908 0.09 ./data/size_scaling/test4007.out 256.0 14392.9738854 
0.5 3600000.0 0.1608276358 0.09 -3.15277605556 13 16.379 0.485349 9.94051780556 2.0 0.499997586728 1.07278234871 0.000130237267777 0.00150686497881 6.9601416091e-06 2197 314250 50 10000 4394.02120794 0.0100681415256 -0.00762629975757 -0.0152525826621 8.1895 -3.16040235531 -0.160402355313 0.09 ./data/size_scaling/test4008.out 317.0 15691.1911068 
0.5 3600000.0 0.147089461464 0.09 -3.14186463889 14 17.6389 0.486628 9.87181158333 2.0 0.499999549167 1.06743767975 0.000124543558232 0.00179649844503 1.23131099077e-05 2744 382400 50 10000 5488.00494835 0.00991932482943 -0.00610609283382 -0.0122121770175 8.81945 -3.14797073172 -0.147970731723 0.09 ./data/size_scaling/test4009.out 390.0 23322.4908452 
