# BETA MCTIME VIRIAL1 DELTA ENERGY N1 L ACCEPTANCE ENERGYSQUARE TEMPERATURE DENSITY PRESSURE CV ENERGYERR CVERR N THERMTIME THBIN BTIME VOLUME PRERR ENERGYTAIL VIRTAIL CUTOFF U TOTENERGY DELTAIN FILENAME SIMTIME CORRTIME 
1.25 3600000.0 -0.00189866728167 0.1273 -0.00296449656861 5 74.3861 0.99744 2.33421848649e-05 0.8 0.000303692903808 0.000242377681231 2.27405389994e-05 0.000220141410662 2.52255789994e-06 125 330550 50 10000 411600.00261 0.000129630685762 -4.94501789119e-08 -9.89003578113e-08 37.19305 -0.00296454601879 1.19703545398 0.1273 ./data/phasediag2/test0136.out 19.0 11987.4073292 
1.11111 3600000.0 -0.00181813870972 0.1283 -0.00343789780194 5 74.3861 0.996994 2.9356070278e-05 0.900000900001 0.000303692903808 0.000272771700892 2.16504863056e-05 0.000240485527472 2.00299027368e-06 125 221950 50 10000 411600.00261 0.000143659218113 -4.94501789119e-08 -9.89003578113e-08 37.19305 -0.00343794725212 1.34656340275 0.1283 ./data/phasediag2/test0137.out 19.0 11872.0809296 
1.0 3600000.0 -0.00150223736944 0.1293 -0.00269351064139 5 74.3861 0.9977 2.08413086961e-05 1.0 0.000303692903808 0.000303236654944 1.35863091209e-05 0.000218121334992 1.61566011161e-06 125 219800 50 10000 411600.00261 0.000123546848773 -4.94501789119e-08 -9.89003578113e-08 37.19305 -0.00269356009157 1.49730643991 0.1293 ./data/phasediag2/test0138.out 20.0 12606.580557 
0.909091 3600000.0 -0.00183947674917 0.1303 -0.00315082124722 5 74.3861 0.997474 2.50595266486e-05 1.09999989 0.000303692903808 0.000333503494712 1.25056654075e-05 0.000249897463261 1.44988921098e-06 125 289600 50 10000 411600.00261 0.000150893505472 -4.94501789119e-08 -9.89003578113e-08 37.19305 -0.0031508706974 1.6468489643 0.1303 ./data/phasediag2/test0139.out 20.0 14857.1020907 
0.833333 3600000.0 -0.00133043719258 0.1313 -0.00284259365472 5 74.3861 0.997746 2.10721420409e-05 1.20000048 0.000303692903808 0.000364027555973 9.02207844556e-06 0.000172188203879 6.48330736234e-07 125 419250 50 10000 411600.00261 0.000148653925447 -4.94501789119e-08 -9.89003578113e-08 37.19305 -0.0028426431049 1.7971580769 0.1313 ./data/phasediag2/test0140.out 20.0 8215.61074172 
0.769231 3600000.0 -0.00102755875639 0.1323 -0.00204024978917 5 74.3861 0.998524 1.38483754521e-05 1.29999961 0.000303692903808 0.000394488564172 5.73122015462e-06 0.000170894983502 6.19929106483e-07 125 358600 50 10000 411600.00261 0.00012172377429 -4.94501789119e-08 -9.89003578113e-08 37.19305 -0.00204029923935 1.94795911576 0.1323 ./data/phasediag2/test0141.out 21.0 10854.9441756 
0.714286 3600000.0 -0.00114265561028 0.1333 -0.00211009829444 5 74.3861 0.998566 1.47955531775e-05 1.39999944 0.000303692903808 0.000424822848828 5.27706461211e-06 0.000194340248974 6.37155440094e-07 125 263550 50 10000 411600.00261 0.000127950991941 -4.94501789119e-08 -9.89003578113e-08 37.19305 -0.00211014774462 2.09788901226 0.1333 ./data/phasediag2/test0142.out 21.0 13145.5836993 
0.666667 3600000.0 -0.00123244300789 0.1343 -0.00241122206778 5 74.3861 0.998402 1.81696163754e-05 1.49999925 0.000303692903808 0.000455164813711 5.49139416485e-06 0.000155380322786 4.61476675718e-07 125 247900 50 10000 411600.00261 0.000122629706752 -4.94501789119e-08 -9.89003578113e-08 37.19305 -0.00241127151796 2.24758760348 0.1343 ./data/phasediag2/test0143.out 21.0 7034.44498863 
1.25 3600000.0 -0.186494311111 0.125 -0.334204711111 5 16.0915 0.79247 0.114687169167 0.8 0.0299999426349 0.0183761827922 0.00467871912157 0.00586200675995 0.000808507496824 125 9200 50 10000 4166.67463406 0.00233294612374 -0.000482546193211 -0.00096509120052 8.04575 -0.334687257304 0.865312742696 0.125 ./data/phasediag2/test0144.out 26.0 41313.1379079 
1.11111 3600000.0 -0.168043016667 0.126 -0.298944794444 5 16.0915 0.819636 0.0913747352778 0.900000900001 0.0299999426349 0.0219297418305 0.00247745819612 0.00451134966605 0.000246581546634 125 19850 50 10000 4166.67463406 0.00251185176985 -0.000482546193211 -0.00096509120052 8.04575 -0.299427340638 1.05057400936 0.126 ./data/phasediag2/test0145.out 23.0 36510.9604615 
1.0 3600000.0 -0.159747710278 0.127 -0.285070291667 5 16.0915 0.835497 0.0830208769444 1.0 0.0299999426349 0.0251785678098 0.00175580575353 0.00421037765799 0.00021561612163 125 24450 50 10000 4166.67463406 0.00218122524789 -0.000482546193211 -0.00096509120052 8.04575 -0.28555283786 1.21444716214 0.127 ./data/phasediag2/test0146.out 25.0 36346.963754 
0.909091 3600000.0 -0.142224019167 0.128 -0.257174208333 5 16.0915 0.854375 0.0673773127778 1.09999989 0.0299999426349 0.0287042685014 0.00102375173029 0.00214417221162 4.99066867078e-05 125 9700 50 10000 4166.67463406 0.00154262517276 -0.000482546193211 -0.00096509120052 8.04575 -0.257656754527 1.39234308047 0.128 ./data/phasediag2/test0147.out 24.0 13361.0901743 
0.833333 3600000.0 -0.134133406389 0.129 -0.246319180556 5 16.0915 0.865287 0.0620075944444 1.20000048 0.0299999426349 0.0319469983841 0.000926704630083 0.00284176885415 7.42969553011e-05 125 16750 50 10000 4166.67463406 0.00130042153653 -0.000482546193211 -0.00096509120052 8.04575 -0.246801726749 1.55319899325 0.129 ./data/phasediag2/test0148.out 23.0 21785.9161855 
0.769231 3600000.0 -0.124685090556 0.13 -0.239822088889 5 16.0915 0.872874 0.0587810280556 1.29999961 0.0299999426349 0.0352304154806 0.000749345855835 0.0024352292496 5.74415885469e-05 125 11350 50 10000 4166.67463406 0.00182841554079 -0.000482546193211 -0.00096509120052 8.04575 -0.240304635082 1.70969477992 0.13 ./data/phasediag2/test0149.out 21.0 16858.2872588 
0.714286 3600000.0 -0.116527893889 0.131 -0.235114883333 5 16.0915 0.878861 0.0565901522222 1.39999944 0.0299999426349 0.0384751200762 0.000668951482801 0.00224403968747 3.55143999619e-05 125 12000 50 10000 4166.67463406 0.0013394067265 -0.000482546193211 -0.00096509120052 8.04575 -0.235597429527 1.86440173047 0.131 ./data/phasediag2/test0150.out 21.0 13826.5307244 
0.666667 3600000.0 -0.108691442222 0.132 -0.224551638889 5 16.0915 0.886499 0.0515710838889 1.49999925 0.0299999426349 0.0417102017401 0.000510065115044 0.00201273654534 2.35413328834e-05 125 13800 50 10000 4166.67463406 0.00144314899955 -0.000482546193211 -0.00096509120052 8.04575 -0.225034185082 2.02496468992 0.132 ./data/phasediag2/test0151.out 21.0 12707.7499169 
1.25 3600000.0 -0.353702277778 0.123 -0.756773091667 5 13.5721 0.656009 0.609146755556 0.8 0.0499998682921 0.0221807880179 0.0569394426325 0.0330640224632 0.0171055653561 125 10200 50 10000 2500.00658541 0.00694467786874 -0.0013404012286 -0.00268079330674 6.78605 -0.758113492895 0.441886507105 0.123 ./data/phasediag2/test0000.out 0.0 107999.237635 
1.11111 3600000.0 -0.286068675 0.124 -0.529234269444 5 13.5721 0.734299 0.285230597222 0.900000900001 0.0499998682921 0.0305624910781 0.0063477468944 0.00879878372507 0.00081041367073 125 7750 50 10000 2500.00658541 0.00345314431847 -0.0013404012286 -0.00268079330674 6.78605 -0.530574670673 0.819426679328 0.124 ./data/phasediag2/test0001.out 0.0 54205.3680123 
1.0 3600000.0 -0.260578494444 0.125 -0.480700086111 5 13.5721 0.7626 0.234995591667 1.0 0.0499998682921 0.0368369385779 0.00392301887944 0.00638428861447 0.000565942906755 125 10300 50 10000 2500.00658541 0.00221102967461 -0.0013404012286 -0.00268079330674 6.78605 -0.48204048734 1.01795951266 0.125 ./data/phasediag2/test0002.out 0.0 37403.059357 
0.909091 3600000.0 -0.231993719444 0.126 -0.435226311111 5 13.5721 0.786758 0.191957319444 1.09999989 0.0499998682921 0.0432661548923 0.00209535377532 0.00346586373955 0.000129733808227 125 7900 50 10000 2500.00658541 0.00169021836607 -0.0013404012286 -0.00268079330674 6.78605 -0.43656671234 1.21343312266 0.126 ./data/phasediag2/test0003.out 0.0 17056.221497 
0.833333 3600000.0 -0.217404663889 0.127 -0.412887211111 5 13.5721 0.803272 0.172967680556 1.20000048 0.0499998682921 0.0489956220777 0.00173043712707 0.00421211787622 0.000119831759912 125 9450 50 10000 2500.00658541 0.00201435153618 -0.0013404012286 -0.00268079330674 6.78605 -0.41422761234 1.38577310766 0.127 ./data/phasediag2/test0004.out 0.0 25632.140186 
0.769231 3600000.0 -0.2035089 0.128 -0.398490808333 5 13.5721 0.814582 0.160840122222 1.29999961 0.0499998682921 0.0546903517713 0.00121017699597 0.00348184687619 9.30247410268e-05 125 12150 50 10000 2500.00658541 0.00206856335489 -0.0013404012286 -0.00268079330674 6.78605 -0.399831209562 1.55016820544 0.128 ./data/phasediag2/test0005.out 0.0 21339.6110436 
0.714286 3600000.0 -0.187253095556 0.129 -0.382029480556 5 13.5721 0.825583 0.147881458333 1.39999944 0.0499998682921 0.0605031181818 0.000987212177415 0.00252084194574 4.90933222243e-05 125 9950 50 10000 2500.00658541 0.00172343156528 -0.0013404012286 -0.00268079330674 6.78605 -0.383369881784 1.71662927822 0.129 ./data/phasediag2/test0006.out 0.0 11822.9950141 
0.666667 3600000.0 -0.175452036111 0.13 -0.362933519444 5 13.5721 0.837062 0.133572459167 1.49999925 0.0499998682921 0.0660931469289 0.000822987325358 0.00244918876029 3.70098166883e-05 125 6800 50 10000 2500.00658541 0.00168867037006 -0.0013404012286 -0.00268079330674 6.78605 -0.364273920673 1.88572495433 0.13 ./data/phasediag2/test0007.out 0.0 11661.9663943 
1.25 3600000.0 -0.652881080556 0.1187 -2.1760499 5 11.0228 0.403338 4.94222454167 0.8 0.0933327861194 0.0128592104718 0.323486522464 0.0938142209576 0.124093589031 125 8450 50 10000 1339.29356657 0.0149561526152 -0.00467048384654 -0.00934085659561 5.5114 -2.18072038385 -0.980720383847 0.1187 ./data/phasediag2/test0008.out 0.0 153039.553012 
1.11111 36000000.0 -0.559651047222 0.1197 -1.30083209167 5 11.0228 0.558012 1.75023749167 0.900000900001 0.0933327861194 0.0308939918444 0.0716953639631 0.0280964529579 0.00715150715594 125 11700 50 100000 1339.29356657 0.00492838078607 -0.00467048384654 -0.00934085659561 5.5114 -1.30550257551 0.0444987744881 0.1197 ./data/phasediag2/test0009.out 210.0 489360.071625 
1.0 3600000.0 -0.470797530556 0.1207 -0.928702019444 5 11.0228 0.646189 0.874538030556 1.0 0.0933327861194 0.0485201327237 0.0120505896354 0.0146265118508 0.00207363525575 125 7100 50 10000 1339.29356657 0.00671705392791 -0.00467048384654 -0.00934085659561 5.5114 -0.933372503291 0.566627496709 0.1207 ./data/phasediag2/test0010.out 0.0 63911.0184168 
0.909091 3600000.0 -0.418131536111 0.1217 -0.816068513889 5 11.0228 0.683521 0.671477133333 1.09999989 0.0933327861194 0.0627688650643 0.00455315295403 0.00779126360598 0.000419741159686 125 6250 50 10000 1339.29356657 0.00289864180947 -0.00467048384654 -0.00934085659561 5.5114 -0.820738997735 0.829260837265 0.1217 ./data/phasediag2/test0011.out 0.0 39666.2161515 
0.833333 3600000.0 -0.381451794444 0.1227 -0.752657808333 5 11.0228 0.709616 0.570686797222 1.20000048 0.0933327861194 0.0755256212265 0.00291181765463 0.00483860968951 0.000169315083398 125 6250 50 10000 1339.29356657 0.00304150817987 -0.00467048384654 -0.00934085659561 5.5114 -0.75732829218 1.04267242782 0.1227 ./data/phasediag2/test0012.out 0.0 20100.9539183 
0.769231 3600000.0 -0.354049066667 0.1237 -0.729099863889 5 11.0228 0.723957 0.535372697222 1.29999961 0.0933327861194 0.0874163915697 0.00224028874028 0.00506703361136 0.000120072213091 125 6350 50 10000 1339.29356657 0.00257850202808 -0.00467048384654 -0.00934085659561 5.5114 -0.733770347735 1.21622906726 0.1237 ./data/phasediag2/test0013.out 0.0 24412.9145416 
0.714286 3600000.0 -0.332564036111 0.1247 -0.709790472222 5 11.0228 0.735541 0.507916555556 1.39999944 0.0933327861194 0.0987549120767 0.00209900223946 0.0054339785572 0.000169257984928 125 8350 50 10000 1339.29356657 0.00329421395501 -0.00467048384654 -0.00934085659561 5.5114 -0.714460956069 1.38553820393 0.1247 ./data/phasediag2/test0014.out 0.0 25838.643835 
0.666667 3600000.0 -0.31069495 0.1257 -0.691474352778 5 11.0228 0.746234 0.481644897222 1.49999925 0.0933327861194 0.110129275692 0.00155916452484 0.00370388111208 9.89120408156e-05 125 11000 50 10000 1339.29356657 0.00304813349433 -0.00467048384654 -0.00934085659561 5.5114 -0.696144836624 1.55385403838 0.1257 ./data/phasediag2/test0015.out 0.0 14078.0514616 
1.25 3600000.0 -0.748192044444 0.1143 -2.52041919444 5 9.70694 0.365704 6.4528475 0.8 0.136666784807 0.00434329714599 0.156772787931 0.0501413293807 0.0706613015849 125 6100 50 10000 914.633355695 0.00839444893699 -0.0100141353855 -0.0200277600082 4.85347 -2.53043332983 -1.33043332983 0.1143 ./data/phasediag2/test0016.out 0.0 90207.6841073 
1.11111 3600000.0 -0.720991477778 0.1153 -1.85062763889 5 9.70694 0.474545 3.47564213889 0.900000900001 0.136666784807 0.0217275126182 0.0627399746056 0.0388381901676 0.0128489820448 125 10850 50 10000 914.633355695 0.00609196704115 -0.0100141353855 -0.0200277600082 4.85347 -1.86064177427 -0.510640424273 0.1153 ./data/phasediag2/test0017.out 0.0 106853.866697 
1.0 36000000.0 -0.642282372222 0.1163 -1.38381183333 5 9.70694 0.564896 1.94304519444 1.0 0.136666784807 0.0461509884899 0.0281100043711 0.012972049054 0.00341189406968 125 10150 50 100000 914.633355695 0.00233028182195 -0.0100141353855 -0.0200277600082 4.85347 -1.39382596872 0.106174031281 0.1163 ./data/phasediag2/test0018.out 215.0 215505.695402 
0.909091 3600000.0 -0.582701602778 0.1173 -1.19664397222 5 9.70694 0.611998 1.44300405556 1.09999989 0.136666784807 0.0679603641336 0.00912996818945 0.0126022667586 0.00139266714145 125 5700 50 10000 914.633355695 0.00332783809223 -0.0100141353855 -0.0200277600082 4.85347 -1.20665810761 0.443341727392 0.1173 ./data/phasediag2/test0019.out 0.0 51754.16303 
0.833333 3600000.0 -0.529859938889 0.1183 -1.09731698056 5 9.70694 0.641881 1.21030868333 1.20000048 0.136666784807 0.0888488235552 0.0043084184406 0.00507312545988 0.000292859351073 125 5850 50 10000 914.633355695 0.00307316830788 -0.0100141353855 -0.0200277600082 4.85347 -1.10733111594 0.692669604059 0.1183 ./data/phasediag2/test0020.out 0.0 14933.8914599 
0.769231 3600000.0 -0.496625619444 0.1193 -1.05986554444 5 9.70694 0.65859 1.12950903056 1.29999961 0.136666784807 0.10705741072 0.00366512542691 0.00709006676411 0.000247145210891 125 6000 50 10000 914.633355695 0.00352079756472 -0.0100141353855 -0.0200277600082 4.85347 -1.06987967983 0.88011973517 0.1193 ./data/phasediag2/test0021.out 0.0 29216.4782343 
0.714286 3600000.0 -0.461269002778 0.1203 -1.02131898056 5 9.70694 0.674216 1.04935004167 1.39999944 0.136666784807 0.125556141088 0.00319264623964 0.00803286072133 0.000260965521573 125 8050 50 10000 914.633355695 0.0033198952622 -0.0100141353855 -0.0200277600082 4.85347 -1.03133311594 1.06866604406 0.1203 ./data/phasediag2/test0022.out 0.0 37122.4346557 
0.666667 3600000.0 -0.415163627778 0.1213 -0.984867855556 5 9.70694 0.686375 0.974702544444 1.49999925 0.136666784807 0.145523866966 0.00210571390031 0.00419255158845 0.000109221700774 125 5700 50 10000 914.633355695 0.00353307184007 -0.0100141353855 -0.0200277600082 4.85347 -0.994881990941 1.25511688406 0.1213 ./data/phasediag2/test0023.out 0.0 13356.0452988 
1.25 3600000.0 -0.849456122222 0.11 -2.79124969444 5 8.85549 0.344388 7.84614980556 0.8 0.179999882708 -0.0151553609421 0.0860546075302 0.0287609175334 0.0369379055806 125 7450 50 10000 694.44489696 0.00933721624896 -0.017370959629 -0.0347403823207 4.427745 -2.80862065407 -1.60862065407 0.11 ./data/phasediag2/test0024.out 0.0 54069.6890754 
1.11111 3600000.0 -0.83261045 0.111 -2.189374 5 8.85549 0.437086 4.83879147222 0.900000900001 0.179999882708 0.00587700835285 0.0560899623214 0.0343692128755 0.0153570649795 125 9200 50 10000 694.44489696 0.00546093419908 -0.017370959629 -0.0347403823207 4.427745 -2.20674495963 -0.856743609628 0.111 ./data/phasediag2/test0025.out 0.0 93598.8767813 
1.0 36000000.0 -0.777572858333 0.112 -1.77408397222 5 8.85549 0.511919 3.17328030556 1.0 0.179999882708 0.0337835946681 0.0259063650598 0.0126564735822 0.00177429167535 125 8500 50 100000 694.44489696 0.00164548647725 -0.017370959629 -0.0347403823207 4.427745 -1.79145493185 -0.291454931851 0.112 ./data/phasediag2/test0026.out 212.0 222598.100273 
0.909091 3600000.0 -0.708696502778 0.113 -1.54208875 5 8.85549 0.561273 2.39081233333 1.09999989 0.179999882708 0.0641812990603 0.0105575396791 0.0157424340804 0.000953752233513 125 4550 50 10000 694.44489696 0.00471347284095 -0.017370959629 -0.0347403823207 4.427745 -1.55945970963 0.090540125371 0.113 ./data/phasediag2/test0027.out 0.0 69839.0401351 
0.833333 3600000.0 -0.662238613889 0.114 -1.45338258333 5 8.85549 0.587424 2.12359197222 1.20000048 0.179999882708 0.0905438080819 0.00782710393661 0.0123822206261 0.00137821877774 125 7450 50 10000 694.44489696 0.0038001659173 -0.017370959629 -0.0347403823207 4.427745 -1.47075354296 0.329247177038 0.114 ./data/phasediag2/test0028.out 0.0 48970.6238152 
0.769231 3600000.0 -0.605135755556 0.115 -1.371651 5 8.85549 0.609211 1.88911772222 1.29999961 0.179999882708 0.118822147555 0.00455104203312 0.00895362446532 0.000488404258909 125 12950 50 10000 694.44489696 0.00395432410903 -0.017370959629 -0.0347403823207 4.427745 -1.38902195963 0.560977455371 0.115 ./data/phasediag2/test0029.out 0.0 37523.4671726 
0.714286 3600000.0 -0.562125333333 0.116 -1.30345786111 5 8.85549 0.628942 1.70552463889 1.39999944 0.179999882708 0.144563976181 0.00332767776241 0.00532293657081 0.000198565340528 125 9600 50 10000 694.44489696 0.00295540413749 -0.017370959629 -0.0347403823207 4.427745 -1.32082882074 0.77917033926 0.116 ./data/phasediag2/test0030.out 0.0 15638.9681248 
0.666667 3600000.0 -0.518619944444 0.117 -1.26681288889 5 8.85549 0.64232 1.61085008333 1.49999925 0.179999882708 0.170394895149 0.002682308406 0.00665707846068 0.000201077581866 125 5500 50 10000 694.44489696 0.00442983710936 -0.017370959629 -0.0347403823207 4.427745 -1.28418384852 0.965815026483 0.117 ./data/phasediag2/test0031.out 0.0 26434.9843436 
1.25 3600000.0 -0.931277577778 0.1057 -2.96497325 5 8.24111 0.338834 8.83931530556 0.8 0.223332989804 -0.0412620162016 0.0753889567812 0.028753763659 0.0299150736513 125 11400 50 10000 559.702353467 0.0103631566708 -0.0267408225813 -0.0534780028368 4.120555 -2.99171407258 -1.79171407258 0.1057 ./data/phasediag2/test0032.out 0.0 61688.4972174 
1.11111 3600000.0 -0.906705027778 0.1067 -2.46627391667 5 8.24111 0.414324 6.12254769444 0.900000900001 0.223332989804 -0.0134406551627 0.0494328176948 0.0357597890663 0.012355836263 125 8600 50 10000 559.702353467 0.00790695691625 -0.0267408225813 -0.0534780028368 4.120555 -2.49301473925 -1.14301338925 0.1067 ./data/phasediag2/test0033.out 0.0 114971.750543 
1.0 3600000.0 -0.876738783333 0.1077 -2.06524927778 5 8.24111 0.483286 4.28907527778 1.0 0.223332989804 0.0155848937828 0.0238206984161 0.0242025469492 0.00426962578776 125 6200 50 10000 559.702353467 0.00600571302561 -0.0267408225813 -0.0534780028368 4.120555 -2.09199010036 -0.591990100359 0.1077 ./data/phasediag2/test0034.out 0.0 88525.8596095 
0.909091 360000000.0 -0.817584333333 0.1087 -1.84986891667 5 8.24111 0.526352 3.43820072222 1.09999989 0.223332989804 0.0511293083752 0.0133766252974 0.00210585840264 0.000175943572679 125 7350 50 1000000 559.702353467 0.000500633863399 -0.0267408225813 -0.0534780028368 4.120555 -1.87660973925 -0.226609904248 0.1087 ./data/phasediag2/test0035.out 2151.0 98634.5317965 
0.833333 3600000.0 -0.753216594444 0.1097 -1.72549361111 5 8.24111 0.554754 2.98783855556 1.20000048 0.223332989804 0.0878381786951 0.00729885080695 0.0115879535845 0.000625786337852 125 8400 50 10000 559.702353467 0.00434761542459 -0.0267408225813 -0.0534780028368 4.120555 -1.75223443369 0.0477662863079 0.1097 ./data/phasediag2/test0036.out 0.0 45993.7339468 
0.769231 3600000.0 -0.699686566667 0.1107 -1.64360158333 5 8.24111 0.576203 2.71010930556 1.29999961 0.223332989804 0.122126304524 0.00513795623053 0.0092440542755 0.000417694968986 125 7200 50 10000 559.702353467 0.00474043949533 -0.0267408225813 -0.0534780028368 4.120555 -1.67034240591 0.279657009086 0.1107 ./data/phasediag2/test0037.out 0.0 35428.3258099 
0.714286 3600000.0 -0.640128258333 0.1117 -1.59196625 5 8.24111 0.590938 2.54099572222 1.39999944 0.223332989804 0.157760900605 0.0033873399972 0.00541024008044 0.00019492341968 125 5500 50 10000 559.702353467 0.00411563890064 -0.0267408225813 -0.0534780028368 4.120555 -1.61870707258 0.481292087419 0.1117 ./data/phasediag2/test0038.out 0.0 15871.6128542 
0.666667 3600000.0 -0.589599752778 0.1127 -1.54721991667 5 8.24111 0.603938 2.40057130556 1.49999925 0.223332989804 0.191378839368 0.0029697074255 0.00494771366366 0.000135395295072 125 5350 50 10000 559.702353467 0.00464129777433 -0.0267408225813 -0.0534780028368 4.120555 -1.57396073925 0.676038135753 0.1127 ./data/phasediag2/test0039.out 0.0 13189.1214695 
1.25 3600000.0 -1.00073836667 0.1013 -3.09265041667 5 7.76808 0.341503 9.59763447222 0.8 0.266666796932 -0.07386089809 0.0517935508027 0.0206100136406 0.0189940375529 125 6050 50 10000 468.749771019 0.011593230447 -0.0381236347353 -0.0762398658688 3.88404 -3.1307740514 -1.9307740514 0.1013 ./data/phasediag2/test0040.out 0.0 46132.1185402 
1.11111 3600000.0 -0.987763338889 0.1023 -2.67507163889 5 7.76808 0.404717 7.19977552778 0.900000900001 0.266666796932 -0.0437339692989 0.0540335395748 0.0389045027503 0.0122796693858 125 8150 50 10000 468.749771019 0.010593792984 -0.0381236347353 -0.0762398658688 3.88404 -2.71319527362 -1.36319392362 0.1023 ./data/phasediag2/test0041.out 0.0 124495.293441 
1.0 3600000.0 -0.966836697222 0.1033 -2.34813238889 5 7.76808 0.460459 5.53906172222 1.0 0.266666796932 -0.0114870891023 0.0253360064732 0.0238958033966 0.00375871698403 125 9700 50 10000 468.749771019 0.0065452114553 -0.0381236347353 -0.0762398658688 3.88404 -2.38625602362 -0.886256023624 0.1033 ./data/phasediag2/test0042.out 0.0 81134.8826446 
0.909091 3600000.0 -0.903853027778 0.1043 -2.11028116667 5 7.76808 0.504089 4.46703952778 1.09999989 0.266666796932 0.0319752146472 0.0113660563143 0.0125060784089 0.00131237594876 125 7500 50 10000 468.749771019 0.0065426018353 -0.0381236347353 -0.0762398658688 3.88404 -2.1484048014 -0.498404966402 0.1043 ./data/phasediag2/test0043.out 0.0 40940.1762793 
0.833333 3600000.0 -0.841935541667 0.1053 -1.98687738889 5 7.76808 0.530844 3.95967541667 1.20000048 0.266666796932 0.0751533893692 0.00832892263459 0.0124738998092 0.00110622935956 125 8600 50 10000 468.749771019 0.00563580590056 -0.0381236347353 -0.0762398658688 3.88404 -2.02500102362 -0.225000303624 0.1053 ./data/phasediag2/test0044.out 0.0 46704.1353361 
0.769231 3600000.0 -0.772701655556 0.1063 -1.92399558333 5 7.76808 0.547101 3.71137275 1.29999961 0.266666796932 0.120282215711 0.00568861010774 0.00824120528591 0.00063905851046 125 7950 50 10000 468.749771019 0.00566899059323 -0.0381236347353 -0.0762398658688 3.88404 -1.96211921807 -0.0121198030684 0.1063 ./data/phasediag2/test0045.out 0.0 25432.6346757 
0.714286 3600000.0 -0.713268675 0.1073 -1.86008822222 5 7.76808 0.562902 3.46690730556 1.39999944 0.266666796932 0.162797652627 0.00356077382093 0.00594986787693 0.000263008303929 125 10400 50 10000 468.749771019 0.00567243273239 -0.0381236347353 -0.0762398658688 3.88404 -1.89821185696 0.201787303043 0.1073 ./data/phasediag2/test0046.out 0.0 18260.6836286 
0.666667 3600000.0 -0.658166880556 0.1083 -1.81304833333 5 7.76808 0.57563 3.29393505556 1.49999925 0.266666796932 0.204158100683 0.00301813481937 0.00456026143848 0.000175961786393 125 7550 50 10000 468.749771019 0.00575832892397 -0.0381236347353 -0.0762398658688 3.88404 -1.85117196807 0.398826906932 0.1083 ./data/phasediag2/test0047.out 0.0 11024.5599632 
1.25 3600000.0 -1.09361346667 0.097 -3.30483075 5 7.38782 0.337997 10.9536388611 0.8 0.309999573497 -0.122957326264 0.0495821483837 0.0207605978528 0.020435162132 125 6300 50 10000 403.226361216 0.0141676338204 -0.0515185682279 -0.103023615367 3.69391 -3.35634931823 -2.15634931823 0.097 ./data/phasediag2/test0048.out 0.0 48896.4014177 
1.11111 3600000.0 -1.08432774167 0.098 -2.89426158333 5 7.38782 0.396986 8.40542444444 0.900000900001 0.309999573497 -0.0890785191246 0.0354003386872 0.0223552732741 0.00706413250923 125 10900 50 10000 403.226361216 0.00788863948688 -0.0515185682279 -0.103023615367 3.69391 -2.94578015156 -1.59577880156 0.098 ./data/phasediag2/test0049.out 0.0 62743.5608654 
1.0 36000000.0 -1.04568731111 0.099 -2.55904177778 5 7.38782 0.450682 6.56913019444 1.0 0.309999573497 -0.0461003237828 0.0204353740324 0.00755560330911 0.000976196111202 125 8600 50 100000 403.226361216 0.00294259020632 -0.0515185682279 -0.103023615367 3.69391 -2.61056034601 -1.11056034601 0.099 ./data/phasediag2/test0050.out 215.0 100567.627775 
0.909091 3600000.0 -0.980026997222 0.1 -2.37194883333 5 7.38782 0.485689 5.64156752778 1.09999989 0.309999573497 0.0052542687683 0.012748977613 0.0148176681287 0.00183129310626 125 7300 50 10000 403.226361216 0.00876619358041 -0.0515185682279 -0.103023615367 3.69391 -2.42346740156 -0.773467566561 0.1 ./data/phasediag2/test0051.out 0.0 51239.1110009 
0.833333 3600000.0 -0.904237316667 0.101 -2.25140463889 5 7.38782 0.508734 5.07883222222 1.20000048 0.309999573497 0.0597491776656 0.006950948753 0.0103925248764 0.00058659793063 125 9250 50 10000 403.226361216 0.00669245452034 -0.0515185682279 -0.103023615367 3.69391 -2.30292320712 -0.502922487117 0.101 ./data/phasediag2/test0052.out 0.0 38845.2320469 
0.769231 3600000.0 -0.826628522222 0.102 -2.17695963889 5 7.38782 0.526309 4.74781877778 1.29999961 0.309999573497 0.114807558493 0.00512752285553 0.00783408051483 0.00039883568593 125 6100 50 10000 403.226361216 0.00714482982983 -0.0515185682279 -0.103023615367 3.69391 -2.22847820712 -0.278478792117 0.102 ./data/phasediag2/test0053.out 0.0 25496.7316597 
0.714286 3600000.0 -0.758616880556 0.103 -2.12479547222 5 7.38782 0.538505 4.52260355556 1.39999944 0.309999573497 0.166891043052 0.00400396074373 0.00677742760979 0.000312658089483 125 8000 50 10000 403.226361216 0.00713161112747 -0.0515185682279 -0.103023615367 3.69391 -2.17631404045 -0.0763148804498 0.103 ./data/phasediag2/test0054.out 0.0 21071.0773368 
0.666667 3600000.0 -0.685559825 0.104 -2.07926836111 5 7.38782 0.549581 4.33060608333 1.49999925 0.309999573497 0.220538597566 0.00322185469547 0.00544683057527 0.000143440690816 125 6450 50 10000 403.226361216 0.00655998793312 -0.0515185682279 -0.103023615367 3.69391 -2.13078692934 0.119211945662 0.104 ./data/phasediag2/test0055.out 0.0 14733.3735567 
1.25 3600000.0 -1.16899619167 0.0927 -3.34945488889 5 7.07254 0.35145 11.24213325 0.8 0.353332654294 -0.17766432163 0.0363831207786 0.0185912761536 0.00733063443764 125 11300 50 10000 353.774264793 0.0111308816194 -0.0669255728768 -0.133828326451 3.53627 -3.41638046177 -2.21638046177 0.0927 ./data/phasediag2/test0056.out 0.0 53436.8663719 
1.11111 3600000.0 -1.15354659722 0.0937 -3.00619652778 5 7.07254 0.402567 9.06003144444 0.900000900001 0.353332654294 -0.136871891988 0.028165228634 0.020602952798 0.00314477743751 125 14550 50 10000 353.774264793 0.0114692852879 -0.0669255728768 -0.133828326451 3.53627 -3.07312210065 -1.72312075065 0.0937 ./data/phasediag2/test0057.out 0.0 66982.6410665 
1.0 36000000.0 -1.11630566111 0.0947 -2.76440366667 5 7.07254 0.443965 7.66063122222 1.0 0.353332654294 -0.0883805057543 0.0187035899421 0.00766199838473 0.000944597909303 125 10450 50 100000 353.774264793 0.00373278658857 -0.0669255728768 -0.133828326451 3.53627 -2.83132923954 -1.33132923954 0.0947 ./data/phasediag2/test0058.out 214.0 112995.628083 
0.909091 36000000.0 -1.04971651667 0.0957 -2.59464305556 5 7.07254 0.474624 6.74454219444 1.09999989 0.353332654294 -0.0295191600378 0.0102228191535 0.00441093571803 0.000426791811363 125 12600 50 100000 353.774264793 0.0028880736575 -0.0669255728768 -0.133828326451 3.53627 -2.66156862843 -1.01156879343 0.0957 ./data/phasediag2/test0059.out 212.0 56624.9715408 
0.833333 3600000.0 -0.987451216667 0.0967 -2.48946816667 5 7.07254 0.496561 6.20646966667 1.20000048 0.353332654294 0.0278146775772 0.00626243514281 0.0087702435894 0.000645635717065 125 5550 50 10000 353.774264793 0.0092482814753 -0.0669255728768 -0.133828326451 3.53627 -2.55639373954 -0.756393019543 0.0967 ./data/phasediag2/test0060.out 0.0 30705.7515685 
0.769231 3600000.0 -0.874025780556 0.0977 -2.42825597222 5 7.07254 0.50861 5.90339572222 1.29999961 0.353332654294 0.103224546013 0.00412346731984 0.00579302656105 0.000179035489922 125 13100 50 10000 353.774264793 0.00753983346225 -0.0669255728768 -0.133828326451 3.53627 -2.4951815451 -0.545182130099 0.0977 ./data/phasediag2/test0061.out 0.0 17336.624361 
0.714286 3600000.0 -0.793097913889 0.0987 -2.37667266667 5 7.07254 0.520277 5.65534044444 1.39999944 0.353332654294 0.167152209311 0.00345279866224 0.00479167094712 0.000123587913926 125 9750 50 10000 353.774264793 0.00804598756748 -0.0669255728768 -0.133828326451 3.53627 -2.44359823954 -0.343599079543 0.0987 ./data/phasediag2/test0062.out 0.0 12213.7631904 
0.666667 3600000.0 -0.707439244444 0.0997 -2.32620588889 5 7.07254 0.531145 5.41808391667 1.49999925 0.353332654294 0.232751412645 0.00304448267351 0.00417526966494 0.000131107155362 125 12250 50 10000 353.774264793 0.00693029381607 -0.0669255728768 -0.133828326451 3.53627 -2.39313146177 -0.143132586765 0.0997 ./data/phasediag2/test0063.out 0.0 9161.69797095 
1.25 3600000.0 -1.20371920556 0.0883 -3.54984538889 5 6.805 0.350175 12.6328618056 0.8 0.396666591513 -0.227040795628 0.0491555008435 0.0242224432272 0.0138703359437 125 8950 50 10000 315.126110125 0.0192286622623 -0.0843444516902 -0.168652656572 3.4025 -3.63418984058 -2.43418984058 0.0883 ./data/phasediag2/test0064.out 0.0 67140.7664506 
1.11111 3600000.0 -1.25164262222 0.0893 -3.17305188889 5 6.805 0.405389 10.0832292778 0.900000900001 0.396666591513 -0.206383397819 0.0184826645117 0.0159507389085 0.00148588886794 125 15100 50 10000 315.126110125 0.0104320450618 -0.0843444516902 -0.168652656572 3.4025 -3.25739634058 -1.90739499058 0.0893 ./data/phasediag2/test0065.out 0.0 61180.5878278 
1.0 3600000.0 -1.18270448056 0.0903 -2.94240858333 5 6.805 0.442868 8.66942522222 1.0 0.396666591513 -0.139371637988 0.0116569509485 0.0120293751204 0.00112326256901 125 7550 50 10000 315.126110125 0.010206841305 -0.0843444516902 -0.168652656572 3.4025 -3.02675303502 -1.52675303502 0.0903 ./data/phasediag2/test0066.out 0.0 44689.3119079 
0.909091 36000000.0 -1.10335373611 0.0913 -2.82854086111 5 6.805 0.464993 8.0108085 1.09999989 0.396666591513 -0.0682292331375 0.00840090831226 0.00341331079978 0.00027277361656 125 11800 50 100000 315.126110125 0.00353144367901 -0.0843444516902 -0.168652656572 3.4025 -2.9128853128 -1.2628854778 0.0913 ./data/phasediag2/test0067.out 215.0 41261.2748455 
0.833333 3600000.0 -1.01851091667 0.0923 -2.73830833333 5 6.805 0.483343 7.50713683333 1.20000048 0.396666591513 0.00509197205048 0.00611409575494 0.00849108564026 0.000503621405289 125 7100 50 10000 315.126110125 0.0113734272615 -0.0843444516902 -0.168652656572 3.4025 -2.82265278502 -1.02265206502 0.0923 ./data/phasediag2/test0068.out 0.0 29480.433641 
0.769231 3600000.0 -0.909981963889 0.0933 -2.68383344444 5 6.805 0.494179 7.21005466667 1.29999961 0.396666591513 0.0878080958806 0.00419687183655 0.00548507290333 0.000262844812915 125 7450 50 10000 315.126110125 0.00782054131915 -0.0843444516902 -0.168652656572 3.4025 -2.76817789613 -0.818178481134 0.0933 ./data/phasediag2/test0069.out 0.0 15270.5668392 
0.714286 3600000.0 -0.789865461111 0.0943 -2.63994138889 5 6.805 0.502665 6.97596319444 1.39999944 0.396666591513 0.17512089134 0.00340441990509 0.00492946846272 0.000114518391471 125 10600 50 10000 315.126110125 0.00777910838816 -0.0843444516902 -0.168652656572 3.4025 -2.72428584058 -0.624286680579 0.0943 ./data/phasediag2/test0070.out 0.0 13110.0346848 
0.666667 3600000.0 -0.690117483333 0.0953 -2.58777441667 5 6.805 0.512308 6.70329108333 1.49999925 0.396666591513 0.25435416548 0.00298429266377 0.0042317433219 8.96130468006e-05 125 6900 50 10000 315.126110125 0.0090857159701 -0.0843444516902 -0.168652656572 3.4025 -2.67211886836 -0.422119993356 0.0953 ./data/phasediag2/test0071.out 0.0 9601.02588732 
1.25 3600000.0 -1.35525076389 0.084 -3.59773736111 5 6.57384 0.368979 12.9596711111 0.8 0.439999946954 -0.335607366897 0.0249327993381 0.0143227218871 0.00287631475783 125 16800 50 10000 284.09094334 0.0124393254271 -0.103774109574 -0.20749334374 3.28692 -3.70151147069 -2.50151147069 0.084 ./data/phasediag2/test0072.out 0.0 46280.9860232 
1.11111 3600000.0 -1.31474755833 0.085 -3.33082455556 5 6.57384 0.409408 11.1110186389 0.900000900001 0.439999946954 -0.273785567905 0.0205264021533 0.0161297271265 0.00242568433895 125 12850 50 10000 284.09094334 0.0129966883482 -0.103774109574 -0.20749334374 3.28692 -3.43459866513 -2.08459731513 0.085 ./data/phasediag2/test0073.out 0.0 56332.3437236 
1.0 3600000.0 -1.24691981389 0.086 -3.15612438889 5 6.57384 0.439265 9.97160125 1.0 0.439999946954 -0.199941765252 0.0104800918607 0.00962295031399 0.00109759949216 125 6600 50 10000 284.09094334 0.0114687661694 -0.103774109574 -0.20749334374 3.28692 -3.25989849846 -1.75989849846 0.086 ./data/phasediag2/test0074.out 0.0 31809.2843377 
0.909091 36000000.0 -1.14123304167 0.087 -3.06071266667 5 6.57384 0.457527 9.37604955556 1.09999989 0.439999946954 -0.109439644785 0.00668390849527 0.00292566176102 0.00016151673509 125 9450 50 100000 284.09094334 0.00361772142547 -0.103774109574 -0.20749334374 3.28692 -3.16448677624 -1.51448694124 0.087 ./data/phasediag2/test0075.out 206.0 38100.8752642 
0.833333 3600000.0 -1.01684484722 0.088 -2.98460466667 5 6.57384 0.471606 8.91514405556 1.20000048 0.439999946954 -0.0107085915325 0.00505488433603 0.00505255823808 0.000425675589253 125 13000 50 10000 284.09094334 0.00994338935479 -0.103774109574 -0.20749334374 3.28692 -3.08837877624 -1.28837805624 0.088 ./data/phasediag2/test0076.out 0.0 12625.5729259 
0.769231 3600000.0 -0.886357513889 0.089 -2.93423825 5 6.57384 0.480415 8.61609252778 1.29999961 0.439999946954 0.0907054401078 0.00375054663773 0.00384475494374 0.000113827729245 125 18300 50 10000 284.09094334 0.00885647196648 -0.103774109574 -0.20749334374 3.28692 -3.03801235957 -1.08801294457 0.089 ./data/phasediag2/test0077.out 0.0 8395.73678537 
0.714286 3600000.0 -0.770104225 0.09 -2.88998169444 5 6.57384 0.488929 8.35880619444 1.39999944 0.439999946954 0.185856800948 0.00347551309697 0.00406368125436 0.000123447786289 125 7150 50 10000 284.09094334 0.0101839326397 -0.103774109574 -0.20749334374 3.28692 -2.99375580402 -0.893756644018 0.09 ./data/phasediag2/test0078.out 0.0 8727.04305483 
0.666667 3600000.0 -0.626372439444 0.091 -2.85486872222 5 6.57384 0.493591 8.15691927778 1.49999925 0.439999946954 0.293098690063 0.00295282813284 0.00332509010591 9.08445956265e-05 125 7400 50 10000 284.09094334 0.00980575753345 -0.103774109574 -0.20749334374 3.28692 -2.9586428318 -0.708643956796 0.091 ./data/phasediag2/test0079.out 0.0 5990.85880856 
1.25 3600000.0 -1.42985446944 0.0797 -3.75347286111 5 6.3712 0.37539 14.1122388889 0.8 0.483332833023 -0.425430729211 0.0370005777988 0.0251336571811 0.00697016368805 125 11050 50 10000 258.62095736 0.0236036949156 -0.125213925716 -0.250347950387 3.1856 -3.87868678683 -2.67868678683 0.0797 ./data/phasediag2/test0080.out 0.0 96034.0832475 
1.11111 3600000.0 -1.38942786944 0.0807 -3.51086602778 5 6.3712 0.412628 12.336915 0.900000900001 0.483332833023 -0.357557507801 0.0132527327487 0.0124977343853 0.00120436157288 125 12050 50 10000 258.62095736 0.0134287693799 -0.125213925716 -0.250347950387 3.1856 -3.63607995349 -2.28607860349 0.0807 ./data/phasediag2/test0081.out 0.0 52380.9962118 
1.0 36000000.0 -1.29587766667 0.0817 -3.38192369444 5 6.3712 0.43609 11.4451313889 1.0 0.483332833023 -0.26400877496 0.00772351384413 0.00298145102643 0.000178076611791 125 14600 50 100000 258.62095736 0.00509543311414 -0.125213925716 -0.250347950387 3.1856 -3.50713762016 -2.00713762016 0.0817 ./data/phasediag2/test0082.out 215.0 41432.6709948 
0.909091 3600000.0 -1.15831592222 0.0827 -3.30295052778 5 6.3712 0.450068 10.9162810556 1.09999989 0.483332833023 -0.149187437167 0.00561889914696 0.00660512838836 0.0003871800365 125 9700 50 10000 258.62095736 0.010918521373 -0.125213925716 -0.250347950387 3.1856 -3.42816445349 -1.77816461849 0.0827 ./data/phasediag2/test0083.out 0.0 23100.8791245 
0.833333 3600000.0 -1.00520815 0.0837 -3.2417055 5 6.3712 0.460435 10.5151999444 1.20000048 0.483332833023 -0.0268518553919 0.00454541005408 0.00448245745668 0.000189071500828 125 16600 50 10000 258.62095736 0.0114943859336 -0.125213925716 -0.250347950387 3.1856 -3.36691942572 -1.56691870572 0.0837 ./data/phasediag2/test0084.out 0.0 11050.932995 
0.769231 3600000.0 -0.847420536111 0.0847 -3.19466838889 5 6.3712 0.46786 10.2122429722 1.29999961 0.483332833023 0.0977449418476 0.00374962192805 0.00359513576169 0.000103954273511 125 10300 50 10000 258.62095736 0.00941229635245 -0.125213925716 -0.250347950387 3.1856 -3.3198823146 -1.3698828996 0.0847 ./data/phasediag2/test0085.out 0.0 7342.75718075 
0.714286 3600000.0 -0.706520608889 0.0857 -3.14548580556 5 6.3712 0.475591 9.90031058333 1.39999944 0.483332833023 0.21417970398 0.00317838539059 0.00282177827128 5.82342202523e-05 125 10650 50 10000 258.62095736 0.0108404567194 -0.125213925716 -0.250347950387 3.1856 -3.27069973127 -1.17070057127 0.0857 ./data/phasediag2/test0086.out 0.0 4601.35764839 
0.666667 3600000.0 -0.527887099722 0.0867 -3.10709713889 5 6.3712 0.479366 9.66080144444 1.49999925 0.483332833023 0.348852335508 0.00299947586744 0.00235691610499 7.15962810868e-05 125 28100 50 10000 258.62095736 0.0104568445567 -0.125213925716 -0.250347950387 3.1856 -3.2323110646 -0.982312189604 0.0867 ./data/phasediag2/test0087.out 0.0 2963.21588251 
1.25 3600000.0 -1.54017911389 0.0753 -3.88468938889 5 6.19144 0.388758 15.1056816667 0.8 0.52666566609 -0.546359427902 0.0232344039387 0.0172189018709 0.0035394200705 125 15750 50 10000 237.342223062 0.0251019295242 -0.148663409792 -0.297214175783 3.09572 -4.03335279868 -2.83335279868 0.0753 ./data/phasediag2/test0088.out 0.0 71779.7420636 
1.11111 3600000.0 -1.45622083889 0.0763 -3.73072647222 5 6.19144 0.415031 13.9273713889 0.900000900001 0.52666566609 -0.449474446467 0.0111745188228 0.0104659174675 0.000855413845671 125 27700 50 10000 237.342223062 0.019863631104 -0.148663409792 -0.297214175783 3.09572 -3.87938988201 -2.52938853201 0.0763 ./data/phasediag2/test0089.out 0.0 43565.4689438 
1.0 3600000.0 -1.323963775 0.0773 -3.61240544444 5 6.19144 0.433743 13.0554005556 1.0 0.52666566609 -0.327153099209 0.00592746050369 0.00405496728739 0.000244779591248 125 21350 50 10000 237.342223062 0.0122562607397 -0.148663409792 -0.297214175783 3.09572 -3.76106885424 -2.26106885424 0.0773 ./data/phasediag2/test0090.out 0.0 9986.39044321 
0.909091 3600000.0 -1.13005344167 0.0783 -3.5457235 5 6.19144 0.444095 12.5776122222 1.09999989 0.52666566609 -0.172360675667 0.00450998748875 0.00301996571383 0.00013595479661 125 15150 50 10000 237.342223062 0.0116981863183 -0.148663409792 -0.297214175783 3.09572 -3.69438690979 -2.04438707479 0.0783 ./data/phasediag2/test0091.out 0.0 6016.52748422 
0.833333 3600000.0 -0.943007147222 0.0793 -3.50079969444 5 6.19144 0.451986 12.26163 1.20000048 0.52666566609 -0.0211829370719 0.00418853788367 0.00335117078997 0.000135514717898 125 16900 50 10000 237.342223062 0.0124653398228 -0.148663409792 -0.297214175783 3.09572 -3.64946310424 -1.84946238424 0.0793 ./data/phasediag2/test0092.out 0.0 6703.01725277 
0.769231 3600000.0 -0.7598647 0.0803 -3.44835044444 5 6.19144 0.458559 11.8969422222 1.29999961 0.52666566609 0.127938010293 0.00344463787863 0.00192354319566 8.13422112568e-05 125 29200 50 10000 237.342223062 0.0103644891413 -0.148663409792 -0.297214175783 3.09572 -3.59701385424 -1.64701443924 0.0803 ./data/phasediag2/test0093.out 0.0 2288.1072151 
0.714286 3600000.0 -0.566315237417 0.0813 -3.40851811111 5 6.19144 0.46196 11.6243730556 1.39999944 0.52666566609 0.282540344002 0.0032537484107 0.00236404021737 7.47193510852e-05 125 16150 50 10000 237.342223062 0.0121591187158 -0.148663409792 -0.297214175783 3.09572 -3.5571815209 -1.4571823609 0.0813 ./data/phasediag2/test0094.out 0.0 3154.80506172 
0.666667 3600000.0 -0.367617960194 0.0823 -3.36736619444 5 6.19144 0.465548 11.3458752778 1.49999925 0.52666566609 0.439853844403 0.00298675422698 0.0022227986682 5.78435710027e-05 125 11100 50 10000 237.342223062 0.0102010884354 -0.148663409792 -0.297214175783 3.09572 -3.51602960424 -1.26603072924 0.0823 ./data/phasediag2/test0095.out 0.0 2646.80036437 
1.25 3600000.0 -1.66088630556 0.071 -4.04022408333 5 6.03039 0.399937 16.33078 0.8 0.569998631809 -0.68911446618 0.0115146194583 0.00871888187625 0.00120421198605 125 30050 50 10000 219.298772005 0.0187117854794 -0.174121945883 -0.348089344075 3.015195 -4.21434602922 -3.01434602922 0.071 ./data/phasediag2/test0096.out 0.0 37135.9488379 
1.11111 3600000.0 -1.43012058056 0.072 -3.95792505556 5 6.03039 0.414044 15.6715491667 0.900000900001 0.569998631809 -0.500577942481 0.00787457841405 0.00709565273878 0.000426401137213 125 30300 50 10000 219.298772005 0.0176719339266 -0.174121945883 -0.348089344075 3.015195 -4.13204700144 -2.78204565144 0.072 ./data/phasediag2/test0097.out 0.0 28416.7238735 
1.0 36000000.0 -1.25237033333 0.073 -3.87165891667 5 6.03039 0.427787 14.9950138889 1.0 0.569998631809 -0.342261194579 0.00527112188438 0.001386348683 7.57513567653e-05 125 16000 50 100000 219.298772005 0.00386783783843 -0.174121945883 -0.348089344075 3.015195 -4.04578086255 -2.54578086255 0.073 ./data/phasediag2/test0098.out 208.0 13126.362408 
0.909091 36000000.0 -1.04011496389 0.074 -3.81253305556 5 6.03039 0.436272 14.5408086111 1.09999989 0.569998631809 -0.164276123921 0.0044630681714 0.0010862709246 5.25756709955e-05 125 14950 50 100000 219.298772005 0.00426326770443 -0.174121945883 -0.348089344075 3.015195 -3.98665500144 -2.33665516644 0.074 ./data/phasediag2/test0099.out 206.0 7866.10985452 
0.833333 3600000.0 -0.79582025 0.075 -3.76420772222 5 6.03039 0.44114 14.1751666667 1.20000048 0.569998631809 0.0319717282342 0.00410200409982 0.00335436698312 0.000143057342969 125 22700 50 10000 219.298772005 0.0148371972732 -0.174121945883 -0.348089344075 3.015195 -3.93832966811 -2.1383289481 0.075 ./data/phasediag2/test0100.out 0.0 6857.4826976 
0.769231 3600000.0 -0.593935546944 0.076 -3.71619280556 5 6.03039 0.44663 13.8164061111 1.29999961 0.569998631809 0.204045100041 0.00373795670919 0.0021008778199 7.51196022487e-05 125 14200 50 10000 219.298772005 0.0116193467875 -0.174121945883 -0.348089344075 3.015195 -3.89031475144 -1.94031533644 0.076 ./data/phasediag2/test0101.out 0.0 2515.26287905 
0.714286 3600000.0 -0.368428731472 0.077 -3.66594861111 5 6.03039 0.450957 13.4459533333 1.39999944 0.569998631809 0.389583442605 0.00345618339038 0.0020014840471 6.87019468373e-05 125 10600 50 10000 219.298772005 0.011566403203 -0.174121945883 -0.348089344075 3.015195 -3.84007055699 -1.74007139699 0.077 ./data/phasediag2/test0102.out 0.0 2128.89510745 
0.666667 3600000.0 -0.156518481069 0.078 -3.62613297222 5 6.03039 0.453714 13.1566419444 1.49999925 0.569998631809 0.567371750282 0.00346738667062 0.00214388187272 6.71356218328e-05 125 18650 50 10000 219.298772005 0.0135102527763 -0.174121945883 -0.348089344075 3.015195 -3.80025491811 -1.5502560431 0.078 ./data/phasediag2/test0103.out 0.0 2120.89830966 
1.25 3600000.0 -1.67150197222 0.0667 -4.27982372222 5 5.88488 0.402981 18.3213441667 0.8 0.613334195257 -0.781679444824 0.00695792714155 0.00462508210513 0.000418856368879 125 17800 50 10000 203.804061418 0.0137415990503 -0.201590388163 -0.402973592437 2.94244 -4.48141411039 -3.28141411039 0.0667 ./data/phasediag2/test0104.out 0.0 17293.4460577 
1.11111 3600000.0 -1.41181314167 0.0677 -4.20405811111 5 5.88488 0.414515 17.6788186111 0.900000900001 0.613334195257 -0.561069433391 0.00581975319009 0.00350204322069 0.000179983111729 125 21500 50 10000 203.804061418 0.0127365020656 -0.201590388163 -0.402973592437 2.94244 -4.40564849927 -3.05564714927 0.0677 ./data/phasediag2/test0105.out 0.0 9366.01932561 
1.0 36000000.0 -1.14040791389 0.0687 -4.135582 5 5.88488 0.422335 17.1078358333 1.0 0.613334195257 -0.3332744589 0.00479735460933 0.000815556867832 3.56806672409e-05 125 18050 50 100000 203.804061418 0.00380223591209 -0.201590388163 -0.402973592437 2.94244 -4.33717238816 -2.83717238816 0.0687 ./data/phasediag2/test0106.out 214.0 4991.24832705 
0.909091 3600000.0 -0.840500602778 0.0697 -4.08666197222 5 5.88488 0.426562 16.7060655556 1.09999989 0.613334195257 -0.0879976975288 0.00434667884317 0.00228890394234 9.95634766949e-05 125 16450 50 10000 203.804061418 0.0169022683652 -0.201590388163 -0.402973592437 2.94244 -4.28825236039 -2.63825252539 0.0697 ./data/phasediag2/test0107.out 0.0 3586.03726547 
0.833333 3600000.0 -0.622728453833 0.0707 -4.02837361111 5 5.88488 0.433176 16.2334975 1.20000048 0.613334195257 0.106903189586 0.00396079495888 0.00160749178074 7.67400503717e-05 125 16450 50 10000 203.804061418 0.0141583728037 -0.201590388163 -0.402973592437 2.94244 -4.22996399927 -2.42996327927 0.0707 ./data/phasediag2/test0108.out 0.0 1631.00323594 
0.769231 3600000.0 -0.358610397146 0.0717 -3.97590063889 5 5.88488 0.437929 15.8143677778 1.29999961 0.613334195257 0.330228711262 0.00389461030168 0.00235349562493 8.69356485569e-05 125 13000 50 10000 203.804061418 0.0118825299823 -0.201590388163 -0.402973592437 2.94244 -4.17749102705 -2.22749161205 0.0717 ./data/phasediag2/test0109.out 0.0 3029.55498443 
0.714286 3600000.0 -0.0742235157344 0.0727 -3.92801697222 5 5.88488 0.439405 15.4366438889 1.39999944 0.613334195257 0.565986225573 0.00373804116546 0.00171664484202 6.49022661025e-05 125 18500 50 10000 203.804061418 0.0139361295276 -0.201590388163 -0.402973592437 2.94244 -4.12960736039 -2.02960820039 0.0727 ./data/phasediag2/test0110.out 0.0 1447.98346635 
0.666667 3600000.0 0.144295276839 0.0737 -3.88025177778 5 5.88488 0.442701 15.0644858333 1.49999925 0.613334195257 0.761344576357 0.00361421445231 0.0019012080357 6.87861816324e-05 125 15250 50 10000 203.804061418 0.0140278862749 -0.201590388163 -0.402973592437 2.94244 -4.08184216594 -1.83184329094 0.0737 ./data/phasediag2/test0111.out 0.0 1600.168737 
1.25 3600000.0 -1.57062195278 0.0623 -4.53979766667 5 5.75248 0.402302 20.6135961111 0.8 0.656666196956 -0.809326349335 0.00598946381093 0.00227953425479 0.00021463288996 125 19850 50 10000 190.35546611 0.0124338562915 -0.231063919573 -0.461855602922 2.87624 -4.77086158624 -3.57086158624 0.0623 ./data/phasediag2/test0112.out 0.0 4880.07871461 
1.11111 3600000.0 -1.27656064722 0.0633 -4.47047041667 5 5.75248 0.412107 19.9891958333 0.900000900001 0.656666196956 -0.550559019448 0.00504948007571 0.00214918943186 0.00010501673966 125 27200 50 10000 190.35546611 0.014741271971 -0.231063919573 -0.461855602922 2.87624 -4.70153433624 -3.35153298624 0.0633 ./data/phasediag2/test0113.out 0.0 4065.55034204 
1.0 3600000.0 -0.922169105556 0.0643 -4.40437655556 5 5.75248 0.417057 19.4032425 1.0 0.656666196956 -0.252176044853 0.00470965687258 0.00184985345252 0.000116269475501 125 58650 50 10000 190.35546611 0.0125614581647 -0.231063919573 -0.461855602922 2.87624 -4.63544047513 -3.13544047513 0.0643 ./data/phasediag2/test0114.out 0.0 2615.69969919 
0.909091 3600000.0 -0.595580505361 0.0653 -4.34896727778 5 5.75248 0.420999 18.9191347222 1.09999989 0.656666196956 0.0279501966679 0.00464325633391 0.00219444567989 0.000101792944494 125 26150 50 10000 190.35546611 0.0140970042961 -0.231063919573 -0.461855602922 2.87624 -4.58003119735 -2.93003136235 0.0653 ./data/phasediag2/test0115.out 0.0 3085.6326944 
0.833333 3600000.0 -0.315009647889 0.0663 -4.29765658333 5 5.75248 0.425749 18.4762586111 1.20000048 0.656666196956 0.27785860175 0.00444895674831 0.00214990666648 0.000103193471669 125 18900 50 10000 190.35546611 0.015084432163 -0.231063919573 -0.461855602922 2.87624 -4.52872050291 -2.72871978291 0.0663 ./data/phasediag2/test0116.out 0.0 2597.29147663 
0.769231 3600000.0 0.00775939269444 0.0673 -4.23442413889 5 5.75248 0.427666 17.9375722222 1.29999961 0.656666196956 0.555476168521 0.00427481571123 0.00194811360628 7.21830124866e-05 125 29450 50 10000 190.35546611 0.0106847949044 -0.231063919573 -0.461855602922 2.87624 -4.46548805846 -2.51548864346 0.0673 ./data/phasediag2/test0117.out 0.0 1891.15540839 
0.714286 3600000.0 0.3125834345 0.0683 -4.18308330556 5 5.75248 0.43064 17.5062961111 1.39999944 0.656666196956 0.821310320856 0.00413784509268 0.00214453142424 7.43922427991e-05 125 26350 50 10000 190.35546611 0.0144332733125 -0.231063919573 -0.461855602922 2.87624 -4.41414722513 -2.31414806513 0.0683 ./data/phasediag2/test0118.out 0.0 2041.44356084 
0.666667 36000000.0 0.593434922222 0.0693 -4.13218480556 5 5.75248 0.432037 17.0841422222 1.49999925 0.656666196956 1.07140249414 0.0040848729551 0.000658463582462 2.51894577109e-05 125 20200 50 100000 190.35546611 0.00471591290394 -0.231063919573 -0.461855602922 2.87624 -4.36324872513 -2.11324985013 0.0693 ./data/phasediag2/test0119.out 208.0 1698.26470598 
1.25 3600000.0 -1.33850988889 0.058 -4.8168345 5 5.63124 0.399162 23.2056413889 0.8 0.699999777075 -0.74427360322 0.00585435702913 0.00186644108075 0.000154981335324 125 44050 50 10000 178.57148544 0.0140806386776 -0.262544990734 -0.524738454318 2.81562 -5.07937949073 -3.87937949073 0.058 ./data/phasediag2/test0120.out 0.0 3347.12469438 
1.11111 3600000.0 -0.982263213889 0.059 -4.74509827778 5 5.63124 0.4066 22.5204966667 0.900000900001 0.699999777075 -0.424900402429 0.00560369360374 0.00189313171525 0.000126514336912 125 39750 50 10000 178.57148544 0.0163698882045 -0.262544990734 -0.524738454318 2.81562 -5.00764326851 -3.65764191851 0.059 ./data/phasediag2/test0121.out 0.0 2842.52239233 
1.0 36000000.0 -0.581038711111 0.06 -4.67872191667 5 5.63124 0.410959 21.8957608333 1.0 0.699999777075 -0.0740439922198 0.00532205983634 0.000531195601157 4.22511652645e-05 125 40050 50 100000 178.57148544 0.0049297776315 -0.262544990734 -0.524738454318 2.81562 -4.9412669074 -3.4412669074 0.06 ./data/phasediag2/test0122.out 207.0 1908.67369274 
0.909091 3600000.0 -0.188604235672 0.061 -4.61481025 5 5.63124 0.414517 21.3027694444 1.09999989 0.699999777075 0.270659953812 0.00520314231285 0.00200508426033 0.000115187013312 125 32400 50 10000 178.57148544 0.014726181986 -0.262544990734 -0.524738454318 2.81562 -4.87735524073 -3.22735540573 0.061 ./data/phasediag2/test0123.out 0.0 2298.88246897 
0.833333 3600000.0 0.151021689518 0.062 -4.55093688889 5 5.63124 0.417334 20.7183347222 1.20000048 0.699999777075 0.578398416441 0.0050751039764 0.00225127051933 8.58453137895e-05 125 19400 50 10000 178.57148544 0.0146124094096 -0.262544990734 -0.524738454318 2.81562 -4.81348187962 -3.01348115962 0.062 ./data/phasediag2/test0124.out 0.0 2496.60643418 
0.769231 3600000.0 0.496391792833 0.063 -4.48953191667 5 5.63124 0.420046 20.1641672222 1.29999961 0.699999777075 0.890156780478 0.00489372568981 0.00255866319257 8.59546326299e-05 125 21650 50 10000 178.57148544 0.0186884778327 -0.262544990734 -0.524738454318 2.81562 -4.7520769074 -2.8020774924 0.063 ./data/phasediag2/test0125.out 0.0 2849.72320007 
0.714286 3600000.0 0.822187819167 0.064 -4.43052541667 5 5.63124 0.421947 19.6387405556 1.39999944 0.699999777075 1.18821378499 0.00468627304811 0.00227386635119 8.48119860643e-05 125 30500 50 10000 178.57148544 0.0171413730764 -0.262544990734 -0.524738454318 2.81562 -4.6930704074 -2.5930712474 0.064 ./data/phasediag2/test0126.out 0.0 2026.51142931 
0.666667 3600000.0 1.18148036667 0.065 -4.36480661111 5 5.63124 0.42207 19.0621633333 1.49999925 0.699999777075 1.50971833285 0.00472292958252 0.00246722922569 8.48694477324e-05 125 29200 50 10000 178.57148544 0.0171262041943 -0.262544990734 -0.524738454318 2.81562 -4.62735160185 -2.37735272684 0.065 ./data/phasediag2/test0127.out 0.0 2062.18654179 
1.25 3600000.0 -0.994414463889 0.0537 -5.09638791667 5 5.51962 0.396743 25.9771897222 0.8 0.743331392106 -0.58427894272 0.00628113293158 0.00195769243675 0.000126873390164 125 34550 50 10000 168.161874135 0.0145578833903 -0.296030030827 -0.591613072315 2.75981 -5.39241794749 -4.19241794749 0.0537 ./data/phasediag2/test0128.out 0.0 3432.20696288 
1.11111 3600000.0 -0.546824856222 0.0547 -5.01881680556 5 5.51962 0.402316 25.1933094444 0.900000900001 0.743331392106 -0.177237728352 0.00591025573202 0.00196861576767 0.000116377285924 125 22850 50 10000 168.161874135 0.0144071816011 -0.296030030827 -0.591613072315 2.75981 -5.31484683638 -3.96484548638 0.0547 ./data/phasediag2/test0129.out 0.0 2914.28659721 
1.0 3600000.0 -0.107876796361 0.0557 -4.94336908333 5 5.51962 0.40684 24.4428502778 1.0 0.743331392106 0.223378614259 0.00595238372194 0.00241776407947 0.000141400341448 125 44900 50 10000 168.161874135 0.017708498216 -0.296030030827 -0.591613072315 2.75981 -5.23939911416 -3.73939911416 0.0557 ./data/phasediag2/test0130.out 0.0 3535.40704049 
0.909091 3600000.0 0.363892667389 0.0567 -4.86270391667 5 5.51962 0.408979 23.6529333333 1.09999989 0.743331392106 0.648392723945 0.00582144923701 0.00211425334874 0.000127795485958 125 43350 50 10000 168.161874135 0.0105658422316 -0.296030030827 -0.591613072315 2.75981 -5.15873394749 -3.50873411249 0.0567 ./data/phasediag2/test0131.out 0.0 2284.54731348 
0.833333 3600000.0 0.7146482375 0.0577 -4.80080872222 5 5.51962 0.411746 23.0556455556 1.20000048 0.743331392106 0.98345392794 0.00547302908727 0.00251905585077 0.000112818658041 125 27200 50 10000 168.161874135 0.0187848596379 -0.296030030827 -0.591613072315 2.75981 -5.09683875305 -3.29683803305 0.0577 ./data/phasediag2/test0132.out 0.0 2898.59472771 
0.769231 3600000.0 1.11837085833 0.0587 -4.73134719444 5 5.51962 0.413594 22.3947897222 1.29999961 0.743331392106 1.35788611822 0.00541032741478 0.00243335945237 0.000116041202473 125 29850 50 10000 168.161874135 0.0178632223209 -0.296030030827 -0.591613072315 2.75981 -5.02737722527 -3.07737781027 0.0587 ./data/phasediag2/test0133.out 0.0 2331.33692778 
0.714286 3600000.0 1.53935348889 0.0597 -4.65534266667 5 5.51962 0.414246 21.6828252778 1.39999944 0.743331392106 1.74514873589 0.00541323580541 0.00272305393427 0.000115265625114 125 48000 50 10000 168.161874135 0.0186083286604 -0.296030030827 -0.591613072315 2.75981 -4.95137269749 -2.85137353749 0.0597 ./data/phasediag2/test0134.out 0.0 2515.9518054 
0.666667 36000000.0 1.88799447222 0.0607 -4.59385191667 5 5.51962 0.415616 21.1152488889 1.49999925 0.743331392106 2.07863752135 0.00523265262238 0.00101298135123 3.83084420743e-05 125 28300 50 100000 168.161874135 0.0065046324818 -0.296030030827 -0.591613072315 2.75981 -4.88988194749 -2.63988307249 0.0607 ./data/phasediag2/test0135.out 212.0 3137.6277177 
