# BETA MCTIME VIRIAL1 DELTA ENERGY N1 L ACCEPTANCE ENERGYSQUARE TEMPERATURE DENSITY PRESSURE CV ENERGYERR CVERR N THERMTIME THBIN BTIME VOLUME PRERR ENERGYTAIL VIRTAIL CUTOFF U TOTENERGY DELTAIN FILENAME
1.25 3600000.0 -0.353702277778 0.123 -0.756773091667 5 13.5721 0.656009 0.609146755556 0.8 0.0499998682921 0.0221807880179 0.0569394426325 0.0507651994641 0.00160216611888 125 10200 50 10000 2500.00658541 0.000436673977129 -0.0013404012286 -0.00268079330674 6.78605 -0.758113492895 0.441886507105 0.123 ./data/phasediag2/test0000.out 
1.11111 3600000.0 -0.286068675 0.124 -0.529234269444 5 13.5721 0.734299 0.285230597222 0.900000900001 0.0499998682921 0.0305624910781 0.0063477468944 0.0100306115424 4.88043852944e-05 125 7750 50 10000 2500.00658541 0.000198511443705 -0.0013404012286 -0.00268079330674 6.78605 -0.530574670673 0.819426679328 0.124 ./data/phasediag2/test0001.out 
1.0 3600000.0 -0.260578494444 0.125 -0.480700086111 5 13.5721 0.7626 0.234995591667 1.0 0.0499998682921 0.0368369385779 0.00392301887944 0.00737875397688 3.36935168621e-05 125 10300 50 10000 2500.00658541 0.000125896162562 -0.0013404012286 -0.00268079330674 6.78605 -0.48204048734 1.01795951266 0.125 ./data/phasediag2/test0002.out 
0.909091 3600000.0 -0.231993719444 0.126 -0.435226311111 5 13.5721 0.786758 0.191957319444 1.09999989 0.0499998682921 0.0432661548923 0.00209535377532 0.00383745528441 7.24051886619e-06 125 7900 50 10000 2500.00658541 8.81816077509e-05 -0.0013404012286 -0.00268079330674 6.78605 -0.43656671234 1.21343312266 0.126 ./data/phasediag2/test0003.out 
0.833333 3600000.0 -0.217404663889 0.127 -0.412887211111 5 13.5721 0.803272 0.172967680556 1.20000048 0.0499998682921 0.0489956220777 0.00173043712707 0.00438800900079 6.57596374695e-06 125 9450 50 10000 2500.00658541 0.000109670704882 -0.0013404012286 -0.00268079330674 6.78605 -0.41422761234 1.38577310766 0.127 ./data/phasediag2/test0004.out 
0.769231 3600000.0 -0.2035089 0.128 -0.398490808333 5 13.5721 0.814582 0.160840122222 1.29999961 0.0499998682921 0.0546903517713 0.00121017699597 0.00373433866567 5.25496651445e-06 125 12150 50 10000 2500.00658541 0.000123246047597 -0.0013404012286 -0.00268079330674 6.78605 -0.399831209562 1.55016820544 0.128 ./data/phasediag2/test0005.out 
0.714286 3600000.0 -0.187253095556 0.129 -0.382029480556 5 13.5721 0.825583 0.147881458333 1.39999944 0.0499998682921 0.0605031181818 0.000987212177415 0.00279007674808 2.93340363322e-06 125 9950 50 10000 2500.00658541 8.83575134699e-05 -0.0013404012286 -0.00268079330674 6.78605 -0.383369881784 1.71662927822 0.129 ./data/phasediag2/test0006.out 
0.666667 3600000.0 -0.175452036111 0.13 -0.362933519444 5 13.5721 0.837062 0.133572459167 1.49999925 0.0499998682921 0.0660931469289 0.000822987325358 0.00259178389391 2.03270817723e-06 125 6800 50 10000 2500.00658541 8.99826652414e-05 -0.0013404012286 -0.00268079330674 6.78605 -0.364273920673 1.88572495433 0.13 ./data/phasediag2/test0007.out 
1.25 3600000.0 -0.652881080556 0.1187 -2.1760499 5 11.0228 0.403338 4.94222454167 0.8 0.0933327861194 0.0128592104718 0.323486522464 0.190205758959 0.0137305571334 125 8450 50 10000 1339.29356657 0.00136154915826 -0.00467048384654 -0.00934085659561 5.5114 -2.18072038385 -0.980720383847 0.1187 ./data/phasediag2/test0008.out 
1.11111 3600000.0 -0.522846052778 0.1197 -1.11112685833 5 11.0228 0.592639 1.27820832222 0.900000900001 0.0933327861194 0.034329104519 0.0538337527182 0.0740921195774 0.000943135646301 125 7300 50 10000 1339.29356657 0.00103782189287 -0.00467048384654 -0.00934085659561 5.5114 -1.11579734218 0.234204007821 0.1197 ./data/phasediag2/test0009.out 
1.0 3600000.0 -0.470797530556 0.1207 -0.928702019444 5 11.0228 0.646189 0.874538030556 1.0 0.0933327861194 0.0485201327237 0.0120505896354 0.0217545836254 0.000160531769126 125 7100 50 10000 1339.29356657 0.000541017976516 -0.00467048384654 -0.00934085659561 5.5114 -0.933372503291 0.566627496709 0.1207 ./data/phasediag2/test0010.out 
0.909091 3600000.0 -0.418131536111 0.1217 -0.816068513889 5 11.0228 0.683521 0.671477133333 1.09999989 0.0933327861194 0.0627688650643 0.00455315295403 0.00828121799228 2.17553837605e-05 125 6250 50 10000 1339.29356657 0.000176029733535 -0.00467048384654 -0.00934085659561 5.5114 -0.820738997735 0.829260837265 0.1217 ./data/phasediag2/test0011.out 
0.833333 3600000.0 -0.381451794444 0.1227 -0.752657808333 5 11.0228 0.709616 0.570686797222 1.20000048 0.0933327861194 0.0755256212265 0.00291181765463 0.00540531888565 9.13424993072e-06 125 6250 50 10000 1339.29356657 0.000153593051095 -0.00467048384654 -0.00934085659561 5.5114 -0.75732829218 1.04267242782 0.1227 ./data/phasediag2/test0012.out 
0.769231 3600000.0 -0.354049066667 0.1237 -0.729099863889 5 11.0228 0.723957 0.535372697222 1.29999961 0.0933327861194 0.0874163915697 0.00224028874028 0.00534147048938 6.0450370688e-06 125 6350 50 10000 1339.29356657 0.000121462463778 -0.00467048384654 -0.00934085659561 5.5114 -0.733770347735 1.21622906726 0.1237 ./data/phasediag2/test0013.out 
0.714286 3600000.0 -0.332564036111 0.1247 -0.709790472222 5 11.0228 0.735541 0.507916555556 1.39999944 0.0933327861194 0.0987549120767 0.00209900223946 0.00589377561312 9.43027124118e-06 125 8350 50 10000 1339.29356657 0.000177682885219 -0.00467048384654 -0.00934085659561 5.5114 -0.714460956069 1.38553820393 0.1247 ./data/phasediag2/test0014.out 
0.666667 3600000.0 -0.31069495 0.1257 -0.691474352778 5 11.0228 0.746234 0.481644897222 1.49999925 0.0933327861194 0.110129275692 0.00155916452484 0.00412778243803 5.84478280587e-06 125 11000 50 10000 1339.29356657 0.000182284425654 -0.00467048384654 -0.00934085659561 5.5114 -0.696144836624 1.55385403838 0.1257 ./data/phasediag2/test0015.out 
1.25 3600000.0 -0.748192044444 0.1143 -2.52041919444 5 9.70694 0.365704 6.4528475 0.8 0.136666784807 0.00434329714599 0.156772787931 0.092658177941 0.00609714800766 125 6100 50 10000 914.633355695 0.000562689143008 -0.0100141353855 -0.0200277600082 4.85347 -2.53043332983 -1.33043332983 0.1143 ./data/phasediag2/test0016.out 
1.11111 3600000.0 -0.720991477778 0.1153 -1.85062763889 5 9.70694 0.474545 3.47564213889 0.900000900001 0.136666784807 0.0217275126182 0.0627399746056 0.0605875615642 0.00111396114941 125 10850 50 10000 914.633355695 0.000334214958857 -0.0100141353855 -0.0200277600082 4.85347 -1.86064177427 -0.510640424273 0.1153 ./data/phasediag2/test0017.out 
1.0 3600000.0 -0.651415638889 0.1163 -1.46065766667 5 9.70694 0.551793 2.16791672222 1.0 0.136666784807 0.0449027742998 0.0343959030301 0.059936772126 0.000502627558661 125 6400 50 10000 914.633355695 0.00058036645322 -0.0100141353855 -0.0200277600082 4.85347 -1.47067180205 0.0293281979479 0.1163 ./data/phasediag2/test0018.out 
0.909091 3600000.0 -0.582701602778 0.1173 -1.19664397222 5 9.70694 0.611998 1.44300405556 1.09999989 0.136666784807 0.0679603641336 0.00912996818945 nan nan 125 5700 50 10000 914.633355695 nan -0.0100141353855 -0.0200277600082 4.85347 -1.20665810761 0.443341727392 0.1173 ./data/phasediag2/test0019.out 
0.833333 3600000.0 -0.529859938889 0.1183 -1.09731698056 5 9.70694 0.641881 1.21030868333 1.20000048 0.136666784807 0.0888488235552 0.0043084184406 0.00498380265999 1.44148530241e-05 125 5850 50 10000 914.633355695 0.000166793679982 -0.0100141353855 -0.0200277600082 4.85347 -1.10733111594 0.692669604059 0.1183 ./data/phasediag2/test0020.out 
0.769231 3600000.0 -0.496625619444 0.1193 -1.05986554444 5 9.70694 0.65859 1.12950903056 1.29999961 0.136666784807 0.10705741072 0.00366512542691 0.0091800067307 1.4840924211e-05 125 6000 50 10000 914.633355695 0.000238801726983 -0.0100141353855 -0.0200277600082 4.85347 -1.06987967983 0.88011973517 0.1193 ./data/phasediag2/test0021.out 
0.714286 3600000.0 -0.461269002778 0.1203 -1.02131898056 5 9.70694 0.674216 1.04935004167 1.39999944 0.136666784807 0.125556141088 0.00319264623964 0.00854151373889 1.46893756641e-05 125 8050 50 10000 914.633355695 0.000118598319344 -0.0100141353855 -0.0200277600082 4.85347 -1.03133311594 1.06866604406 0.1203 ./data/phasediag2/test0022.out 
0.666667 3600000.0 -0.415163627778 0.1213 -0.984867855556 5 9.70694 0.686375 0.974702544444 1.49999925 0.136666784807 0.145523866966 0.00210571390031 0.00476088928901 7.30429569234e-06 125 5700 50 10000 914.633355695 0.000147056275997 -0.0100141353855 -0.0200277600082 4.85347 -0.994881990941 1.25511688406 0.1213 ./data/phasediag2/test0023.out 
1.25 3600000.0 -0.849456122222 0.11 -2.79124969444 5 8.85549 0.344388 7.84614980556 0.8 0.179999882708 -0.0151553609421 0.0860546075302 0.036932723176 0.00227434879865 125 7450 50 10000 694.44489696 0.000584914197242 -0.017370959629 -0.0347403823207 4.427745 -2.80862065407 -1.60862065407 0.11 ./data/phasediag2/test0024.out 
1.11111 3600000.0 -0.83261045 0.111 -2.189374 5 8.85549 0.437086 4.83879147222 0.900000900001 0.179999882708 0.00587700835285 0.0560899623214 0.0463852546107 0.000843083565311 125 9200 50 10000 694.44489696 0.000295205008913 -0.017370959629 -0.0347403823207 4.427745 -2.20674495963 -0.856743609628 0.111 ./data/phasediag2/test0025.out 
1.0 3600000.0 -0.768742766667 0.112 -1.69832991667 5 8.85549 0.524221 2.91615027778 1.0 0.179999882708 0.0353730101324 0.0318257719328 0.0461620092444 0.000446998099751 125 6650 50 10000 694.44489696 0.000137719969014 -0.017370959629 -0.0347403823207 4.427745 -1.7157008763 -0.215700876296 0.112 ./data/phasediag2/test0026.out 
0.909091 3600000.0 -0.708696502778 0.113 -1.54208875 5 8.85549 0.561273 2.39081233333 1.09999989 0.179999882708 0.0641812990603 0.0105575396791 0.0169967224186 5.2018592979e-05 125 4550 50 10000 694.44489696 0.000266359156553 -0.017370959629 -0.0347403823207 4.427745 -1.55945970963 0.090540125371 0.113 ./data/phasediag2/test0027.out 
0.833333 3600000.0 -0.662238613889 0.114 -1.45338258333 5 8.85549 0.587424 2.12359197222 1.20000048 0.179999882708 0.0905438080819 0.00782710393661 0.0145483141921 9.09967751504e-05 125 7450 50 10000 694.44489696 0.000208333079094 -0.017370959629 -0.0347403823207 4.427745 -1.47075354296 0.329247177038 0.114 ./data/phasediag2/test0028.out 
0.769231 3600000.0 -0.605135755556 0.115 -1.371651 5 8.85549 0.609211 1.88911772222 1.29999961 0.179999882708 0.118822147555 0.00455104203312 0.0123094232935 2.78079582297e-05 125 12950 50 10000 694.44489696 0.000136194898422 -0.017370959629 -0.0347403823207 4.427745 -1.38902195963 0.560977455371 0.115 ./data/phasediag2/test0029.out 
0.714286 3600000.0 -0.562125333333 0.116 -1.30345786111 5 8.85549 0.628942 1.70552463889 1.39999944 0.179999882708 0.144563976181 0.00332767776241 0.00499579906647 1.12089092673e-05 125 9600 50 10000 694.44489696 0.000145456929411 -0.017370959629 -0.0347403823207 4.427745 -1.32082882074 0.77917033926 0.116 ./data/phasediag2/test0030.out 
0.666667 3600000.0 -0.518619944444 0.117 -1.26681288889 5 8.85549 0.64232 1.61085008333 1.49999925 0.179999882708 0.170394895149 0.002682308406 0.00676925496426 9.94269980942e-06 125 5500 50 10000 694.44489696 0.00020265338709 -0.017370959629 -0.0347403823207 4.427745 -1.28418384852 0.965815026483 0.117 ./data/phasediag2/test0031.out 
1.25 3600000.0 -0.931277577778 0.1057 -2.96497325 5 8.24111 0.338834 8.83931530556 0.8 0.223332989804 -0.0412620162016 0.0753889567812 0.0407282799661 0.00202322966274 125 11400 50 10000 559.702353467 0.000729520433412 -0.0267408225813 -0.0534780028368 4.120555 -2.99171407258 -1.79171407258 0.1057 ./data/phasediag2/test0032.out 
1.11111 3600000.0 -0.906705027778 0.1067 -2.46627391667 5 8.24111 0.414324 6.12254769444 0.900000900001 0.223332989804 -0.0134406551627 0.0494328176948 0.0396145269027 0.000652561192282 125 8600 50 10000 559.702353467 0.000493415819301 -0.0267408225813 -0.0534780028368 4.120555 -2.49301473925 -1.14301338925 0.1067 ./data/phasediag2/test0033.out 
1.0 3600000.0 -0.876738783333 0.1077 -2.06524927778 5 8.24111 0.483286 4.28907527778 1.0 0.223332989804 0.0155848937828 0.0238206984161 0.0379140075984 0.000275260571046 125 6200 50 10000 559.702353467 0.000358737014957 -0.0267408225813 -0.0534780028368 4.120555 -2.09199010036 -0.591990100359 0.1077 ./data/phasediag2/test0034.out 
0.909091 3600000.0 -0.8144888 0.1087 -1.86521830556 5 8.24111 0.524173 3.5001885 1.09999989 0.223332989804 0.0518206430896 0.017478658554 0.0359543976702 0.000110571219027 125 9900 50 10000 559.702353467 0.000350667403016 -0.0267408225813 -0.0534780028368 4.120555 -1.89195912814 -0.241959293137 0.1087 ./data/phasediag2/test0035.out 
0.833333 3600000.0 -0.753216594444 0.1097 -1.72549361111 5 8.24111 0.554754 2.98783855556 1.20000048 0.223332989804 0.0878381786951 0.00729885080695 0.0130648062669 3.34584748217e-05 125 8400 50 10000 559.702353467 0.000191391670498 -0.0267408225813 -0.0534780028368 4.120555 -1.75223443369 0.0477662863079 0.1097 ./data/phasediag2/test0036.out 
0.769231 3600000.0 -0.699686566667 0.1107 -1.64360158333 5 8.24111 0.576203 2.71010930556 1.29999961 0.223332989804 0.122126304524 0.00513795623053 0.0103796282106 2.44852465284e-05 125 7200 50 10000 559.702353467 0.000274389952718 -0.0267408225813 -0.0534780028368 4.120555 -1.67034240591 0.279657009086 0.1107 ./data/phasediag2/test0037.out 
0.714286 3600000.0 -0.640128258333 0.1117 -1.59196625 5 8.24111 0.590938 2.54099572222 1.39999944 0.223332989804 0.157760900605 0.0033873399972 0.00557197880093 1.04421335575e-05 125 5500 50 10000 559.702353467 0.000225538272136 -0.0267408225813 -0.0534780028368 4.120555 -1.61870707258 0.481292087419 0.1117 ./data/phasediag2/test0038.out 
0.666667 3600000.0 -0.589599752778 0.1127 -1.54721991667 5 8.24111 0.603938 2.40057130556 1.49999925 0.223332989804 0.191378839368 0.0029697074255 0.00488054946353 6.9287455586e-06 125 5350 50 10000 559.702353467 0.000272728162145 -0.0267408225813 -0.0534780028368 4.120555 -1.57396073925 0.676038135753 0.1127 ./data/phasediag2/test0039.out 
1.25 3600000.0 -1.00073836667 0.1013 -3.09265041667 5 7.76808 0.341503 9.59763447222 0.8 0.266666796932 -0.07386089809 0.0517935508027 0.0284027760232 0.00121869036668 125 6050 50 10000 468.749771019 0.000669292778638 -0.0381236347353 -0.0762398658688 3.88404 -3.1307740514 -1.9307740514 0.1013 ./data/phasediag2/test0040.out 
1.11111 3600000.0 -0.987763338889 0.1023 -2.67507163889 5 7.76808 0.404717 7.19977552778 0.900000900001 0.266666796932 -0.0437339692989 0.0540335395748 nan nan 125 8150 50 10000 468.749771019 nan -0.0381236347353 -0.0762398658688 3.88404 -2.71319527362 -1.36319392362 0.1023 ./data/phasediag2/test0041.out 
1.0 3600000.0 -0.966836697222 0.1033 -2.34813238889 5 7.76808 0.460459 5.53906172222 1.0 0.266666796932 -0.0114870891023 0.0253360064732 0.02526007253 0.000194401739859 125 9700 50 10000 468.749771019 0.000255211665115 -0.0381236347353 -0.0762398658688 3.88404 -2.38625602362 -0.886256023624 0.1033 ./data/phasediag2/test0042.out 
0.909091 3600000.0 -0.903853027778 0.1043 -2.11028116667 5 7.76808 0.504089 4.46703952778 1.09999989 0.266666796932 0.0319752146472 0.0113660563143 0.0166486053034 6.92665034481e-05 125 7500 50 10000 468.749771019 0.000500560436614 -0.0381236347353 -0.0762398658688 3.88404 -2.1484048014 -0.498404966402 0.1043 ./data/phasediag2/test0043.out 
0.833333 3600000.0 -0.841935541667 0.1053 -1.98687738889 5 7.76808 0.530844 3.95967541667 1.20000048 0.266666796932 0.0751533893692 0.00832892263459 0.0127825730082 6.6205730281e-05 125 8600 50 10000 468.749771019 0.000375196644741 -0.0381236347353 -0.0762398658688 3.88404 -2.02500102362 -0.225000303624 0.1053 ./data/phasediag2/test0044.out 
0.769231 3600000.0 -0.772701655556 0.1063 -1.92399558333 5 7.76808 0.547101 3.71137275 1.29999961 0.266666796932 0.120282215711 0.00568861010774 0.00863450188657 3.83642767511e-05 125 7950 50 10000 468.749771019 0.000320812011299 -0.0381236347353 -0.0762398658688 3.88404 -1.96211921807 -0.0121198030684 0.1063 ./data/phasediag2/test0045.out 
0.714286 3600000.0 -0.713268675 0.1073 -1.86008822222 5 7.76808 0.562902 3.46690730556 1.39999944 0.266666796932 0.162797652627 0.00356077382093 0.00881222973496 1.49078888133e-05 125 10400 50 10000 468.749771019 0.00033835206344 -0.0381236347353 -0.0762398658688 3.88404 -1.89821185696 0.201787303043 0.1073 ./data/phasediag2/test0046.out 
0.666667 3600000.0 -0.658166880556 0.1083 -1.81304833333 5 7.76808 0.57563 3.29393505556 1.49999925 0.266666796932 0.204158100683 0.00301813481937 0.00568839416459 9.31932130672e-06 125 7550 50 10000 468.749771019 0.000219066269572 -0.0381236347353 -0.0762398658688 3.88404 -1.85117196807 0.398826906932 0.1083 ./data/phasediag2/test0047.out 
1.25 3600000.0 -1.09361346667 0.097 -3.30483075 5 7.38782 0.337997 10.9536388611 0.8 0.309999573497 -0.122957326264 0.0495821483837 0.0349022595852 0.00138636799309 125 6300 50 10000 403.226361216 0.00093731486085 -0.0515185682279 -0.103023615367 3.69391 -3.35634931823 -2.15634931823 0.097 ./data/phasediag2/test0048.out 
1.11111 3600000.0 -1.08432774167 0.098 -2.89426158333 5 7.38782 0.396986 8.40542444444 0.900000900001 0.309999573497 -0.0890785191246 0.0354003386872 0.0318745803618 0.000460125082181 125 10900 50 10000 403.226361216 0.000434019655819 -0.0515185682279 -0.103023615367 3.69391 -2.94578015156 -1.59577880156 0.098 ./data/phasediag2/test0049.out 
1.0 3600000.0 -1.04734946667 0.099 -2.57831733333 5 7.38782 0.448454 6.66979327778 1.0 0.309999573497 -0.0466155912961 0.0220730064107 0.0379335528363 0.000351210394435 125 15750 50 10000 403.226361216 0.00054751846197 -0.0515185682279 -0.103023615367 3.69391 -2.62983590156 -1.12983590156 0.099 ./data/phasediag2/test0050.out 
0.909091 3600000.0 -0.980026997222 0.1 -2.37194883333 5 7.38782 0.485689 5.64156752778 1.09999989 0.309999573497 0.0052542687683 0.012748977613 0.0172571797145 0.00011564340643 125 7300 50 10000 403.226361216 0.000496261393572 -0.0515185682279 -0.103023615367 3.69391 -2.42346740156 -0.773467566561 0.1 ./data/phasediag2/test0051.out 
0.833333 3600000.0 -0.904237316667 0.101 -2.25140463889 5 7.38782 0.508734 5.07883222222 1.20000048 0.309999573497 0.0597491776656 0.006950948753 0.0119704971311 2.97074315365e-05 125 9250 50 10000 403.226361216 0.000338990948857 -0.0515185682279 -0.103023615367 3.69391 -2.30292320712 -0.502922487117 0.101 ./data/phasediag2/test0052.out 
0.769231 3600000.0 -0.826628522222 0.102 -2.17695963889 5 7.38782 0.526309 4.74781877778 1.29999961 0.309999573497 0.114807558493 0.00512752285553 0.0101072286292 2.93659359818e-05 125 6100 50 10000 403.226361216 0.000397241841573 -0.0515185682279 -0.103023615367 3.69391 -2.22847820712 -0.278478792117 0.102 ./data/phasediag2/test0053.out 
0.714286 3600000.0 -0.758616880556 0.103 -2.12479547222 5 7.38782 0.538505 4.52260355556 1.39999944 0.309999573497 0.166891043052 0.00400396074373 0.00854659764435 1.76670032439e-05 125 8000 50 10000 403.226361216 0.000420015267641 -0.0515185682279 -0.103023615367 3.69391 -2.17631404045 -0.0763148804498 0.103 ./data/phasediag2/test0054.out 
0.666667 3600000.0 -0.685559825 0.104 -2.07926836111 5 7.38782 0.549581 4.33060608333 1.49999925 0.309999573497 0.220538597566 0.00322185469547 0.00568363044683 8.89787902578e-06 125 6450 50 10000 403.226361216 0.000356787750862 -0.0515185682279 -0.103023615367 3.69391 -2.13078692934 0.119211945662 0.104 ./data/phasediag2/test0055.out 
1.25 3600000.0 -1.16899619167 0.0927 -3.34945488889 5 7.07254 0.35145 11.24213325 0.8 0.353332654294 -0.17766432163 0.0363831207786 0.0225175099164 0.000513315895681 125 11300 50 10000 353.774264793 0.000629580198992 -0.0669255728768 -0.133828326451 3.53627 -3.41638046177 -2.21638046177 0.0927 ./data/phasediag2/test0056.out 
1.11111 3600000.0 -1.15354659722 0.0937 -3.00619652778 5 7.07254 0.402567 9.06003144444 0.900000900001 0.353332654294 -0.136871891988 0.028165228634 0.0236110194447 0.000189388518343 125 14550 50 10000 353.774264793 0.00067419953331 -0.0669255728768 -0.133828326451 3.53627 -3.07312210065 -1.72312075065 0.0937 ./data/phasediag2/test0057.out 
1.0 3600000.0 -1.125532125 0.0947 -2.74858280556 5 7.07254 0.446586 7.57107011111 1.0 0.353332654294 -0.0916405167299 0.0163626721155 0.0207341492173 0.000102277001434 125 7950 50 10000 353.774264793 0.00056647868963 -0.0669255728768 -0.133828326451 3.53627 -2.81550837843 -1.31550837843 0.0947 ./data/phasediag2/test0058.out 
0.909091 3600000.0 -1.05143364444 0.0957 -2.58756630556 5 7.07254 0.47604 6.70743991667 1.09999989 0.353332654294 -0.0301258773533 0.00986820942839 0.0172652104462 3.33270025833e-05 125 18900 50 10000 353.774264793 0.000532494498638 -0.0669255728768 -0.133828326451 3.53627 -2.65449187843 -1.00449204343 0.0957 ./data/phasediag2/test0059.out 
0.833333 3600000.0 -0.987451216667 0.0967 -2.48946816667 5 7.07254 0.496561 6.20646966667 1.20000048 0.353332654294 0.0278146775772 0.00626243514281 nan nan 125 5550 50 10000 353.774264793 nan -0.0669255728768 -0.133828326451 3.53627 -2.55639373954 -0.756393019543 0.0967 ./data/phasediag2/test0060.out 
0.769231 3600000.0 -0.874025780556 0.0977 -2.42825597222 5 7.07254 0.50861 5.90339572222 1.29999961 0.353332654294 0.103224546013 0.00412346731984 0.00624271941359 1.12590164954e-05 125 13100 50 10000 353.774264793 0.000496818365471 -0.0669255728768 -0.133828326451 3.53627 -2.4951815451 -0.545182130099 0.0977 ./data/phasediag2/test0061.out 
0.714286 3600000.0 -0.793097913889 0.0987 -2.37667266667 5 7.07254 0.520277 5.65534044444 1.39999944 0.353332654294 0.167152209311 0.00345279866224 0.00548339950876 8.42440614958e-06 125 9750 50 10000 353.774264793 0.000543538122115 -0.0669255728768 -0.133828326451 3.53627 -2.44359823954 -0.343599079543 0.0987 ./data/phasediag2/test0062.out 
0.666667 3600000.0 -0.707439244444 0.0997 -2.32620588889 5 7.07254 0.531145 5.41808391667 1.49999925 0.353332654294 0.232751412645 0.00304448267351 0.00486926460924 6.74089777471e-06 125 12250 50 10000 353.774264793 0.00045668026647 -0.0669255728768 -0.133828326451 3.53627 -2.39313146177 -0.143132586765 0.0997 ./data/phasediag2/test0063.out 
1.25 3600000.0 -1.20371920556 0.0883 -3.54984538889 5 6.805 0.350175 12.6328618056 0.8 0.396666591513 -0.227040795628 0.0491555008435 0.0315532179569 0.000825117981203 125 8950 50 10000 315.126110125 0.00144377263673 -0.0843444516902 -0.168652656572 3.4025 -3.63418984058 -2.43418984058 0.0883 ./data/phasediag2/test0064.out 
1.11111 3600000.0 -1.25164262222 0.0893 -3.17305188889 5 6.805 0.405389 10.0832292778 0.900000900001 0.396666591513 -0.206383397819 0.0184826645117 0.0163237377785 6.15892607601e-05 125 15100 50 10000 315.126110125 0.000684271505958 -0.0843444516902 -0.168652656572 3.4025 -3.25739634058 -1.90739499058 0.0893 ./data/phasediag2/test0065.out 
1.0 3600000.0 -1.18270448056 0.0903 -2.94240858333 5 6.805 0.442868 8.66942522222 1.0 0.396666591513 -0.139371637988 0.0116569509485 0.0151334089322 6.33472662406e-05 125 7550 50 10000 315.126110125 0.00068810324612 -0.0843444516902 -0.168652656572 3.4025 -3.02675303502 -1.52675303502 0.0903 ./data/phasediag2/test0066.out 
0.909091 3600000.0 -1.10314168611 0.0913 -2.82395594444 5 6.805 0.466694 7.98402733333 1.09999989 0.396666591513 -0.0681451199868 0.00768608184318 0.00847729305497 2.99694183107e-05 125 8250 50 10000 315.126110125 0.000488447117655 -0.0843444516902 -0.168652656572 3.4025 -2.90830039613 -1.25830056113 0.0913 ./data/phasediag2/test0067.out 
0.833333 3600000.0 -1.01851091667 0.0923 -2.73830833333 5 6.805 0.483343 7.50713683333 1.20000048 0.396666591513 0.00509197205048 0.00611409575494 0.00873707213541 2.67329434319e-05 125 7100 50 10000 315.126110125 0.000617765756547 -0.0843444516902 -0.168652656572 3.4025 -2.82265278502 -1.02265206502 0.0923 ./data/phasediag2/test0068.out 
0.769231 3600000.0 -0.909981963889 0.0933 -2.68383344444 5 6.805 0.494179 7.21005466667 1.29999961 0.396666591513 0.0878080958806 0.00419687183655 0.00588226013707 1.56557151429e-05 125 7450 50 10000 315.126110125 0.000383601296143 -0.0843444516902 -0.168652656572 3.4025 -2.76817789613 -0.818178481134 0.0933 ./data/phasediag2/test0069.out 
0.714286 3600000.0 -0.789865461111 0.0943 -2.63994138889 5 6.805 0.502665 6.97596319444 1.39999944 0.396666591513 0.17512089134 0.00340441990509 0.00519653651248 5.55212694939e-06 125 10600 50 10000 315.126110125 0.0004255462265 -0.0843444516902 -0.168652656572 3.4025 -2.72428584058 -0.624286680579 0.0943 ./data/phasediag2/test0070.out 
0.666667 3600000.0 -0.690117483333 0.0953 -2.58777441667 5 6.805 0.512308 6.70329108333 1.49999925 0.396666591513 0.25435416548 0.00298429266377 0.00451292097923 4.69559765445e-06 125 6900 50 10000 315.126110125 0.000520183409741 -0.0843444516902 -0.168652656572 3.4025 -2.67211886836 -0.422119993356 0.0953 ./data/phasediag2/test0071.out 
1.25 3600000.0 -1.35525076389 0.084 -3.59773736111 5 6.57384 0.368979 12.9596711111 0.8 0.439999946954 -0.335607366897 0.0249327993381 0.0160202145701 0.00017449044053 125 16800 50 10000 284.09094334 0.000587527658105 -0.103774109574 -0.20749334374 3.28692 -3.70151147069 -2.50151147069 0.084 ./data/phasediag2/test0072.out 
1.11111 3600000.0 -1.31474755833 0.085 -3.33082455556 5 6.57384 0.409408 11.1110186389 0.900000900001 0.439999946954 -0.273785567905 0.0205264021533 0.016698870864 0.000131961593326 125 12850 50 10000 284.09094334 0.00071497625457 -0.103774109574 -0.20749334374 3.28692 -3.43459866513 -2.08459731513 0.085 ./data/phasediag2/test0073.out 
1.0 3600000.0 -1.24691981389 0.086 -3.15612438889 5 6.57384 0.439265 9.97160125 1.0 0.439999946954 -0.199941765252 0.0104800918607 0.013254829572 7.66122305771e-05 125 6600 50 10000 284.09094334 0.00075117811367 -0.103774109574 -0.20749334374 3.28692 -3.25989849846 -1.75989849846 0.086 ./data/phasediag2/test0074.out 
0.909091 3600000.0 -1.1505595 0.087 -3.06350205556 5 6.57384 0.457604 9.39299930556 1.09999989 0.439999946954 -0.113543285957 0.00657393615978 0.00669222819038 2.32406232494e-05 125 12100 50 10000 284.09094334 0.000436636658444 -0.103774109574 -0.20749334374 3.28692 -3.16727616513 -1.51727633013 0.087 ./data/phasediag2/test0075.out 
0.833333 3600000.0 -1.01684484722 0.088 -2.98460466667 5 6.57384 0.471606 8.91514405556 1.20000048 0.439999946954 -0.0107085915325 0.00505488433603 0.00527707678415 2.41751400608e-05 125 13000 50 10000 284.09094334 0.000544133301111 -0.103774109574 -0.20749334374 3.28692 -3.08837877624 -1.28837805624 0.088 ./data/phasediag2/test0076.out 
0.769231 3600000.0 -0.886357513889 0.089 -2.93423825 5 6.57384 0.480415 8.61609252778 1.29999961 0.439999946954 0.0907054401078 0.00375054663773 0.00404296907223 6.12905673867e-06 125 18300 50 10000 284.09094334 0.000490570160174 -0.103774109574 -0.20749334374 3.28692 -3.03801235957 -1.08801294457 0.089 ./data/phasediag2/test0077.out 
0.714286 3600000.0 -0.770104225 0.09 -2.88998169444 5 6.57384 0.488929 8.35880619444 1.39999944 0.439999946954 0.185856800948 0.00347551309697 0.00441181894169 6.54735839042e-06 125 7150 50 10000 284.09094334 0.000562606953889 -0.103774109574 -0.20749334374 3.28692 -2.99375580402 -0.893756644018 0.09 ./data/phasediag2/test0078.out 
0.666667 3600000.0 -0.626372439444 0.091 -2.85486872222 5 6.57384 0.493591 8.15691927778 1.49999925 0.439999946954 0.293098690063 0.00295282813284 0.00315609480984 4.75625366941e-06 125 7400 50 10000 284.09094334 0.000547508398692 -0.103774109574 -0.20749334374 3.28692 -2.9586428318 -0.708643956796 0.091 ./data/phasediag2/test0079.out 
1.25 3600000.0 -1.42985446944 0.0797 -3.75347286111 5 6.3712 0.37539 14.1122388889 0.8 0.483332833023 -0.425430729211 0.0370005777988 0.0286587536871 0.000487562296858 125 11050 50 10000 258.62095736 0.00127485565038 -0.125213925716 -0.250347950387 3.1856 -3.87868678683 -2.67868678683 0.0797 ./data/phasediag2/test0080.out 
1.11111 3600000.0 -1.38942786944 0.0807 -3.51086602778 5 6.3712 0.412628 12.336915 0.900000900001 0.483332833023 -0.357557507801 0.0132527327487 0.0145200741417 6.73651499657e-05 125 12050 50 10000 258.62095736 0.000669966537616 -0.125213925716 -0.250347950387 3.1856 -3.63607995349 -2.28607860349 0.0807 ./data/phasediag2/test0081.out 
1.0 3600000.0 -1.29631164167 0.0817 -3.38826419444 5 6.3712 0.435174 11.4884152778 1.0 0.483332833023 -0.264218529327 0.00808102642352 0.0114558083116 4.59432859613e-05 125 8300 50 10000 258.62095736 0.000693660720205 -0.125213925716 -0.250347950387 3.1856 -3.51347812016 -2.01347812016 0.0817 ./data/phasediag2/test0082.out 
0.909091 3600000.0 -1.15831592222 0.0827 -3.30295052778 5 6.3712 0.450068 10.9162810556 1.09999989 0.483332833023 -0.149187437167 0.00561889914696 0.0110047764241 3.35154771203e-05 125 9700 50 10000 258.62095736 0.00100943768432 -0.125213925716 -0.250347950387 3.1856 -3.42816445349 -1.77816461849 0.0827 ./data/phasediag2/test0083.out 
0.833333 3600000.0 -1.00520815 0.0837 -3.2417055 5 6.3712 0.460435 10.5151999444 1.20000048 0.483332833023 -0.0268518553919 0.00454541005408 0.006226321195 1.47265699879e-05 125 16600 50 10000 258.62095736 0.000758974170488 -0.125213925716 -0.250347950387 3.1856 -3.36691942572 -1.56691870572 0.0837 ./data/phasediag2/test0084.out 
0.769231 3600000.0 -0.847420536111 0.0847 -3.19466838889 5 6.3712 0.46786 10.2122429722 1.29999961 0.483332833023 0.0977449418476 0.00374962192805 0.00309117742677 5.73852559512e-06 125 10300 50 10000 258.62095736 0.000449517724143 -0.125213925716 -0.250347950387 3.1856 -3.3198823146 -1.3698828996 0.0847 ./data/phasediag2/test0085.out 
0.714286 3600000.0 -0.706520608889 0.0857 -3.14548580556 5 6.3712 0.475591 9.90031058333 1.39999944 0.483332833023 0.21417970398 0.00317838539059 0.00322556232694 2.74241491733e-06 125 10650 50 10000 258.62095736 0.000587359442069 -0.125213925716 -0.250347950387 3.1856 -3.27069973127 -1.17070057127 0.0857 ./data/phasediag2/test0086.out 
0.666667 3600000.0 -0.527887099722 0.0867 -3.10709713889 5 6.3712 0.479366 9.66080144444 1.49999925 0.483332833023 0.348852335508 0.00299947586744 0.00222530640591 3.90321007812e-06 125 28100 50 10000 258.62095736 0.000545947962605 -0.125213925716 -0.250347950387 3.1856 -3.2323110646 -0.982312189604 0.0867 ./data/phasediag2/test0087.out 
1.25 3600000.0 -1.54017911389 0.0753 -3.88468938889 5 6.19144 0.388758 15.1056816667 0.8 0.52666566609 -0.546359427902 0.0232344039387 0.0196273109143 0.000239571552835 125 15750 50 10000 237.342223062 0.00147527325217 -0.148663409792 -0.297214175783 3.09572 -4.03335279868 -2.83335279868 0.0753 ./data/phasediag2/test0088.out 
1.11111 3600000.0 -1.45622083889 0.0763 -3.73072647222 5 6.19144 0.415031 13.9273713889 0.900000900001 0.52666566609 -0.449474446467 0.0111745188228 0.0111791066919 4.54676527385e-05 125 27700 50 10000 237.342223062 0.00115562148346 -0.148663409792 -0.297214175783 3.09572 -3.87938988201 -2.52938853201 0.0763 ./data/phasediag2/test0089.out 
1.0 3600000.0 -1.323963775 0.0773 -3.61240544444 5 6.19144 0.433743 13.0554005556 1.0 0.52666566609 -0.327153099209 0.00592746050369 0.00427028001242 1.27829046159e-05 125 21350 50 10000 237.342223062 0.000624937989735 -0.148663409792 -0.297214175783 3.09572 -3.76106885424 -2.26106885424 0.0773 ./data/phasediag2/test0090.out 
0.909091 3600000.0 -1.13005344167 0.0783 -3.5457235 5 6.19144 0.444095 12.5776122222 1.09999989 0.52666566609 -0.172360675667 0.00450998748875 0.00348847624212 8.26707040316e-06 125 15150 50 10000 237.342223062 0.000758059650484 -0.148663409792 -0.297214175783 3.09572 -3.69438690979 -2.04438707479 0.0783 ./data/phasediag2/test0091.out 
0.833333 3600000.0 -0.943007147222 0.0793 -3.50079969444 5 6.19144 0.451986 12.26163 1.20000048 0.52666566609 -0.0211829370719 0.00418853788367 0.00369407955542 5.87618760334e-06 125 16900 50 10000 237.342223062 0.00062382042298 -0.148663409792 -0.297214175783 3.09572 -3.64946310424 -1.84946238424 0.0793 ./data/phasediag2/test0092.out 
0.769231 3600000.0 -0.7598647 0.0803 -3.44835044444 5 6.19144 0.458559 11.8969422222 1.29999961 0.52666566609 0.127938010293 0.00344463787863 0.00199662020895 4.66880413951e-06 125 29200 50 10000 237.342223062 0.000592807586095 -0.148663409792 -0.297214175783 3.09572 -3.59701385424 -1.64701443924 0.0803 ./data/phasediag2/test0093.out 
0.714286 3600000.0 -0.566315237417 0.0813 -3.40851811111 5 6.19144 0.46196 11.6243730556 1.39999944 0.52666566609 0.282540344002 0.0032537484107 0.00243204819817 4.53442717072e-06 125 16150 50 10000 237.342223062 0.000627869570319 -0.148663409792 -0.297214175783 3.09572 -3.5571815209 -1.4571823609 0.0813 ./data/phasediag2/test0094.out 
0.666667 3600000.0 -0.367617960194 0.0823 -3.36736619444 5 6.19144 0.465548 11.3458752778 1.49999925 0.52666566609 0.439853844403 0.00298675422698 0.00203802182715 2.52157710342e-06 125 11100 50 10000 237.342223062 0.000526957725818 -0.148663409792 -0.297214175783 3.09572 -3.51602960424 -1.26603072924 0.0823 ./data/phasediag2/test0095.out 
1.25 3600000.0 -1.66088630556 0.071 -4.04022408333 5 6.03039 0.399937 16.33078 0.8 0.569998631809 -0.68911446618 0.0115146194583 0.0114256012483 7.2671242341e-05 125 30050 50 10000 219.298772005 0.00123011148516 -0.174121945883 -0.348089344075 3.015195 -4.21434602922 -3.01434602922 0.071 ./data/phasediag2/test0096.out 
1.11111 3600000.0 -1.43012058056 0.072 -3.95792505556 5 6.03039 0.414044 15.6715491667 0.900000900001 0.569998631809 -0.500577942481 0.00787457841405 0.00753820602497 2.19667621148e-05 125 30300 50 10000 219.298772005 0.000885956959151 -0.174121945883 -0.348089344075 3.015195 -4.13204700144 -2.78204565144 0.072 ./data/phasediag2/test0097.out 
1.0 3600000.0 -1.24396753611 0.073 -3.87443186111 5 6.03039 0.426969 15.016685 1.0 0.569998631809 -0.337471611659 0.00546275360709 0.00423133553506 1.0073775784e-05 125 15300 50 10000 219.298772005 0.00103770806304 -0.174121945883 -0.348089344075 3.015195 -4.04855380699 -2.54855380699 0.073 ./data/phasediag2/test0098.out 
0.909091 3600000.0 -1.04291675278 0.074 -3.81637408333 5 6.03039 0.436026 14.5698344444 1.09999989 0.569998631809 -0.165873139754 0.0042341334965 0.00189348083567 6.23502350937e-06 125 11800 50 10000 219.298772005 0.00035169758172 -0.174121945883 -0.348089344075 3.015195 -3.99049602922 -2.34049619422 0.074 ./data/phasediag2/test0099.out 
0.833333 3600000.0 -0.79582025 0.075 -3.76420772222 5 6.03039 0.44114 14.1751666667 1.20000048 0.569998631809 0.0319717282342 0.00410200409982 0.00385142084663 8.33488653803e-06 125 22700 50 10000 219.298772005 0.000798038765753 -0.174121945883 -0.348089344075 3.015195 -3.93832966811 -2.1383289481 0.075 ./data/phasediag2/test0100.out 
0.769231 3600000.0 -0.593935546944 0.076 -3.71619280556 5 6.03039 0.44663 13.8164061111 1.29999961 0.569998631809 0.204045100041 0.00373795670919 0.00191718064684 4.10232483693e-06 125 14200 50 10000 219.298772005 0.000691379773381 -0.174121945883 -0.348089344075 3.015195 -3.89031475144 -1.94031533644 0.076 ./data/phasediag2/test0101.out 
0.714286 3600000.0 -0.368428731472 0.077 -3.66594861111 5 6.03039 0.450957 13.4459533333 1.39999944 0.569998631809 0.389583442605 0.00345618339038 0.00206716649846 4.15883464277e-06 125 10600 50 10000 219.298772005 0.000398080268929 -0.174121945883 -0.348089344075 3.015195 -3.84007055699 -1.74007139699 0.077 ./data/phasediag2/test0102.out 
0.666667 3600000.0 -0.156518481069 0.078 -3.62613297222 5 6.03039 0.453714 13.1566419444 1.49999925 0.569998631809 0.567371750282 0.00346738667062 0.00151158751198 3.27305468296e-06 125 18650 50 10000 219.298772005 0.000940313500537 -0.174121945883 -0.348089344075 3.015195 -3.80025491811 -1.5502560431 0.078 ./data/phasediag2/test0103.out 
1.25 3600000.0 -1.67150197222 0.0667 -4.27982372222 5 5.88488 0.402981 18.3213441667 0.8 0.613334195257 -0.781679444824 0.00695792714155 0.00411297033563 2.33519141728e-05 125 17800 50 10000 203.804061418 0.000516628861296 -0.201590388163 -0.402973592437 2.94244 -4.48141411039 -3.28141411039 0.0667 ./data/phasediag2/test0104.out 
1.11111 3600000.0 -1.41181314167 0.0677 -4.20405811111 5 5.88488 0.414515 17.6788186111 0.900000900001 0.613334195257 -0.561069433391 0.00581975319009 0.00411161737258 8.15421989006e-06 125 21500 50 10000 203.804061418 0.000682032355128 -0.201590388163 -0.402973592437 2.94244 -4.40564849927 -3.05564714927 0.0677 ./data/phasediag2/test0105.out 
1.0 3600000.0 -1.14845858056 0.0687 -4.13722361111 5 5.88488 0.422569 17.1213655556 1.0 0.613334195257 -0.338212208061 0.00474634722029 0.00308276056389 6.61492909094e-06 125 17000 50 10000 203.804061418 0.000550010080494 -0.201590388163 -0.402973592437 2.94244 -4.33881399927 -2.83881399927 0.0687 ./data/phasediag2/test0106.out 
0.909091 3600000.0 -0.840500602778 0.0697 -4.08666197222 5 5.88488 0.426562 16.7060655556 1.09999989 0.613334195257 -0.0879976975288 0.00434667884317 0.00222931194505 6.83832084194e-06 125 16450 50 10000 203.804061418 0.000948597263324 -0.201590388163 -0.402973592437 2.94244 -4.28825236039 -2.63825252539 0.0697 ./data/phasediag2/test0107.out 
0.833333 3600000.0 -0.622728453833 0.0707 -4.02837361111 5 5.88488 0.433176 16.2334975 1.20000048 0.613334195257 0.106903189586 0.00396079495888 0.0016947088722 4.3252653364e-06 125 16450 50 10000 203.804061418 0.000903870821494 -0.201590388163 -0.402973592437 2.94244 -4.22996399927 -2.42996327927 0.0707 ./data/phasediag2/test0108.out 
0.769231 3600000.0 -0.358610397146 0.0717 -3.97590063889 5 5.88488 0.437929 15.8143677778 1.29999961 0.613334195257 0.330228711262 0.00389461030168 0.00307014039423 5.81970331684e-06 125 13000 50 10000 203.804061418 0.000756507068767 -0.201590388163 -0.402973592437 2.94244 -4.17749102705 -2.22749161205 0.0717 ./data/phasediag2/test0109.out 
0.714286 3600000.0 -0.0742235157344 0.0727 -3.92801697222 5 5.88488 0.439405 15.4366438889 1.39999944 0.613334195257 0.565986225573 0.00373804116546 0.00171752494687 3.33763617028e-06 125 18500 50 10000 203.804061418 0.000816920498567 -0.201590388163 -0.402973592437 2.94244 -4.12960736039 -2.02960820039 0.0727 ./data/phasediag2/test0110.out 
0.666667 3600000.0 0.144295276839 0.0737 -3.88025177778 5 5.88488 0.442701 15.0644858333 1.49999925 0.613334195257 0.761344576357 0.00361421445231 0.002033340759 3.18872163242e-06 125 15250 50 10000 203.804061418 0.000775146566351 -0.201590388163 -0.402973592437 2.94244 -4.08184216594 -1.83184329094 0.0737 ./data/phasediag2/test0111.out 
1.25 3600000.0 -1.57062195278 0.0623 -4.53979766667 5 5.75248 0.402302 20.6135961111 0.8 0.656666196956 -0.809326349335 0.00598946381093 0.00212399957898 1.28598237055e-05 125 19850 50 10000 190.35546611 0.000686805638915 -0.231063919573 -0.461855602922 2.87624 -4.77086158624 -3.57086158624 0.0623 ./data/phasediag2/test0112.out 
1.11111 3600000.0 -1.27656064722 0.0633 -4.47047041667 5 5.75248 0.412107 19.9891958333 0.900000900001 0.656666196956 -0.550559019448 0.00504948007571 0.00231290022315 3.64090338907e-06 125 27200 50 10000 190.35546611 0.000840992007936 -0.231063919573 -0.461855602922 2.87624 -4.70153433624 -3.35153298624 0.0633 ./data/phasediag2/test0113.out 
1.0 3600000.0 -0.922169105556 0.0643 -4.40437655556 5 5.75248 0.417057 19.4032425 1.0 0.656666196956 -0.252176044853 0.00470965687258 0.00193203585815 7.53972493869e-06 125 58650 50 10000 190.35546611 0.000476378547685 -0.231063919573 -0.461855602922 2.87624 -4.63544047513 -3.13544047513 0.0643 ./data/phasediag2/test0114.out 
0.909091 3600000.0 -0.595580505361 0.0653 -4.34896727778 5 5.75248 0.420999 18.9191347222 1.09999989 0.656666196956 0.0279501966679 0.00464325633391 0.00278438896706 5.14524037344e-06 125 26150 50 10000 190.35546611 0.000815033179644 -0.231063919573 -0.461855602922 2.87624 -4.58003119735 -2.93003136235 0.0653 ./data/phasediag2/test0115.out 
0.833333 3600000.0 -0.315009647889 0.0663 -4.29765658333 5 5.75248 0.425749 18.4762586111 1.20000048 0.656666196956 0.27785860175 0.00444895674831 0.00165511681821 6.38683650991e-06 125 18900 50 10000 190.35546611 0.000865631363683 -0.231063919573 -0.461855602922 2.87624 -4.52872050291 -2.72871978291 0.0663 ./data/phasediag2/test0116.out 
0.769231 3600000.0 0.00775939269444 0.0673 -4.23442413889 5 5.75248 0.427666 17.9375722222 1.29999961 0.656666196956 0.555476168521 0.00427481571123 0.0022427650311 3.89017727214e-06 125 29450 50 10000 190.35546611 0.00056111416794 -0.231063919573 -0.461855602922 2.87624 -4.46548805846 -2.51548864346 0.0673 ./data/phasediag2/test0117.out 
0.714286 3600000.0 0.3125834345 0.0683 -4.18308330556 5 5.75248 0.43064 17.5062961111 1.39999944 0.656666196956 0.821310320856 0.00413784509268 0.00198432546523 3.82759644974e-06 125 26350 50 10000 190.35546611 0.000736289478175 -0.231063919573 -0.461855602922 2.87624 -4.41414722513 -2.31414806513 0.0683 ./data/phasediag2/test0118.out 
0.666667 3600000.0 0.615443966389 0.0693 -4.13284711111 5 5.75248 0.431454 17.0896338889 1.49999925 0.656666196956 1.08585508947 0.0040927352347 0.00169300327464 2.63055788972e-06 125 25400 50 10000 190.35546611 0.000545371057988 -0.231063919573 -0.461855602922 2.87624 -4.36391103068 -2.11391215568 0.0693 ./data/phasediag2/test0119.out 
1.25 3600000.0 -1.33850988889 0.058 -4.8168345 5 5.63124 0.399162 23.2056413889 0.8 0.699999777075 -0.74427360322 0.00585435702913 0.00202632966372 7.82087527351e-06 125 44050 50 10000 178.57148544 0.000939453714513 -0.262544990734 -0.524738454318 2.81562 -5.07937949073 -3.87937949073 0.058 ./data/phasediag2/test0120.out 
1.11111 3600000.0 -0.982263213889 0.059 -4.74509827778 5 5.63124 0.4066 22.5204966667 0.900000900001 0.699999777075 -0.424900402429 0.00560369360374 0.00223093986698 7.24768633167e-06 125 39750 50 10000 178.57148544 0.000767019508624 -0.262544990734 -0.524738454318 2.81562 -5.00764326851 -3.65764191851 0.059 ./data/phasediag2/test0121.out 
1.0 3600000.0 -0.600851095614 0.06 -4.68057611111 5 5.63124 0.411355 21.9131583333 1.0 0.699999777075 -0.087912656955 0.00536560142933 0.00210732637992 5.5087580124e-06 125 59200 50 10000 178.57148544 0.000547538232036 -0.262544990734 -0.524738454318 2.81562 -4.94312110185 -3.44312110185 0.06 ./data/phasediag2/test0122.out 
0.909091 3600000.0 -0.188604235672 0.061 -4.61481025 5 5.63124 0.414517 21.3027694444 1.09999989 0.699999777075 0.270659953812 0.00520314231285 0.00276393431115 7.40527102681e-06 125 32400 50 10000 178.57148544 0.000820538064125 -0.262544990734 -0.524738454318 2.81562 -4.87735524073 -3.22735540573 0.061 ./data/phasediag2/test0123.out 
0.833333 3600000.0 0.151021689518 0.062 -4.55093688889 5 5.63124 0.417334 20.7183347222 1.20000048 0.699999777075 0.578398416441 0.0050751039764 0.00214422494341 4.27960619015e-06 125 19400 50 10000 178.57148544 0.00064207696906 -0.262544990734 -0.524738454318 2.81562 -4.81348187962 -3.01348115962 0.062 ./data/phasediag2/test0124.out 
0.769231 3600000.0 0.496391792833 0.063 -4.48953191667 5 5.63124 0.420046 20.1641672222 1.29999961 0.699999777075 0.890156780478 0.00489372568981 0.00309377870986 3.33696733935e-06 125 21650 50 10000 178.57148544 0.00115745821586 -0.262544990734 -0.524738454318 2.81562 -4.7520769074 -2.8020774924 0.063 ./data/phasediag2/test0125.out 
0.714286 3600000.0 0.822187819167 0.064 -4.43052541667 5 5.63124 0.421947 19.6387405556 1.39999944 0.699999777075 1.18821378499 0.00468627304811 0.00217549685341 3.07094635741e-06 125 30500 50 10000 178.57148544 0.00100740936886 -0.262544990734 -0.524738454318 2.81562 -4.6930704074 -2.5930712474 0.064 ./data/phasediag2/test0126.out 
0.666667 3600000.0 1.18148036667 0.065 -4.36480661111 5 5.63124 0.42207 19.0621633333 1.49999925 0.699999777075 1.50971833285 0.00472292958252 0.00185138036683 4.10103843318e-06 125 29200 50 10000 178.57148544 0.000703655163271 -0.262544990734 -0.524738454318 2.81562 -4.62735160185 -2.37735272684 0.065 ./data/phasediag2/test0127.out 
1.25 3600000.0 -0.994414463889 0.0537 -5.09638791667 5 5.51962 0.396743 25.9771897222 0.8 0.743331392106 -0.58427894272 0.00628113293158 0.00160963754504 6.64983134263e-06 125 34550 50 10000 168.161874135 0.000726948305618 -0.296030030827 -0.591613072315 2.75981 -5.39241794749 -4.19241794749 0.0537 ./data/phasediag2/test128.out 
1.11111 3600000.0 -0.546824856222 0.0547 -5.01881680556 5 5.51962 0.402316 25.1933094444 0.900000900001 0.743331392106 -0.177237728352 0.00591025573202 0.00182656866566 5.82477781281e-06 125 22850 50 10000 168.161874135 0.000755269793442 -0.296030030827 -0.591613072315 2.75981 -5.31484683638 -3.96484548638 0.0547 ./data/phasediag2/test129.out 
1.0 3600000.0 -0.107876796361 0.0557 -4.94336908333 5 5.51962 0.40684 24.4428502778 1.0 0.743331392106 0.223378614259 0.00595238372194 0.00215067245538 8.73516722781e-06 125 44900 50 10000 168.161874135 0.000803749421824 -0.296030030827 -0.591613072315 2.75981 -5.23939911416 -3.73939911416 0.0557 ./data/phasediag2/test130.out 
0.909091 3600000.0 0.363892667389 0.0567 -4.86270391667 5 5.51962 0.408979 23.6529333333 1.09999989 0.743331392106 0.648392723945 0.00582144923701 0.00164955435611 6.16659402971e-06 125 43350 50 10000 168.161874135 0.000507363642616 -0.296030030827 -0.591613072315 2.75981 -5.15873394749 -3.50873411249 0.0567 ./data/phasediag2/test131.out 
0.833333 3600000.0 0.7146482375 0.0577 -4.80080872222 5 5.51962 0.411746 23.0556455556 1.20000048 0.743331392106 0.98345392794 0.00547302908727 0.00303050629572 5.92441721192e-06 125 27200 50 10000 168.161874135 0.00114625445854 -0.296030030827 -0.591613072315 2.75981 -5.09683875305 -3.29683803305 0.0577 ./data/phasediag2/test132.out 
0.769231 3600000.0 1.11837085833 0.0587 -4.73134719444 5 5.51962 0.413594 22.3947897222 1.29999961 0.743331392106 1.35788611822 0.00541032741478 0.00244196486988 6.85358591317e-06 125 29850 50 10000 168.161874135 0.00098195500211 -0.296030030827 -0.591613072315 2.75981 -5.02737722527 -3.07737781027 0.0587 ./data/phasediag2/test133.out 
0.714286 3600000.0 1.53935348889 0.0597 -4.65534266667 5 5.51962 0.414246 21.6828252778 1.39999944 0.743331392106 1.74514873589 0.00541323580541 0.00191569869988 4.51433465938e-06 125 48000 50 10000 168.161874135 0.000867053706472 -0.296030030827 -0.591613072315 2.75981 -4.95137269749 -2.85137353749 0.0597 ./data/phasediag2/test134.out 
0.666667 3600000.0 1.89213138889 0.0607 -4.59378152778 5 5.51962 0.416276 21.1149786111 1.49999925 0.743331392106 2.08171262138 0.00539995480385 0.00238912161457 4.78829812302e-06 125 40200 50 10000 168.161874135 0.000801614089868 -0.296030030827 -0.591613072315 2.75981 -4.8898115586 -2.6398126836 0.0607 ./data/phasediag2/test135.out 
